8 2 5 3 4 9 6 1 0 7
4 9 3 0 1 8 10 12 2 5 7 14 6 11 13
13 11 15 10 8 17 1 18 0 6 7 9 12 5 4 2 19 14 3 16
13 12 11 18 21 8 5 14 4 9 19 10 22 0 7 17 24 2 6 20 16 23 3 15 1
7 20 2 15 28 19 24 27 14 1 29 17 16 11 6 8 23 18 0 22 12 10 26 9 3 13 25 4 5 21
16 3 29 21 4 26 1 35 31 36 25 17 39 34 24 19 38 5 22 8 7 27 10 15 30 32 2 0 14 11 9 12 28 20 13 6 37 18 23 33
13 12 47 25 40 22 0 35 28 10 44 19 39 15 1 29 31 37 38 16 34 49 36 23 33 3 6 45 4 7 2 24 20 14 8 48 21 43 26 17 46 11 18 30 27 9 42 5 32 41
56 14 10 47 13 42 26 38 57 49 27 5 44 16 52 0 50 29 33 40 8 30 39 59 54 32 2 15 7 4 1 51 35 36 43 18 34 11 24 31 48 21 22 41 53 55 19 46 28 23 17 25 6 20 3 12 9 58 37 45
13 16 10 45 37 46 19 29 38 48 58 43 69 35 64 54 15 39 53 12 36 55 23 7 21 56 65 34 3 26 68 51 61 14 40 6 0 49 50 30 8 52 62 24 5 18 66 17 63 44 22 2 9 25 1 47 60 31 33 20 41 67 27 57 11 32 4 28 42 59
19 40 23 18 56 52 78 38 22 45 10 17 57 25 77 49 73 76 2 28 72 32 12 26 47 65 54 53 31 61 59 9 14 36 74 0 68 70 58 44 5 4 79 51 24 41 27 66 48 46 69 42 29 21 16 39 50 55 63 64 33 15 20 62 13 1 34 67 30 60 8 3 6 7 71 75 43 37 11 35
69 54 1 44 75 3 60 52 15 89 84 56 5 4 49 11 24 30 48 36 73 45 47 59 58 9 72 70 31 79 38 88 20 2 28 18 32 7 46 63 0 65 37 42 13 6 71 14 41 25 77 19 81 83 66 82 12 78 74 62 17 8 27 86 23 68 50 22 34 57 16 53 40 55 85 29 61 39 51 80 64 43 67 33 21 10 76 26 35 87
3 99 23 52 51 43 13 78 48 66 98 37 25 45 88 17 58 94 83 40 34 18 4 93 22 33 36 5 84 61 64 39 90 59 77 79 73 80 9 30 97 26 81 21 96 56 31 16 62 12 89 10 82 57 38 20 6 68 14 69 67 42 27 76 24 8 60 86 87 15 1 29 54 65 7 19 70 49 35 0 53 95 11 32 46 91 44 75 63 72 74 50 71 47 92 55 28 85 41 2
91 56 76 50 43 9 98 17 75 27 140 33 42 88 117 111 141 54 118 112 0 147 44 102 135 136 62 46 60 130 69 132 8 10 39 116 110 14 121 92 134 40 109 31 113 73 79 145 51 30 81 15 124 99 28 95 86 65 1 3 70 142 49 126 32 74 34 5 53 26 13 90 93 48 68 22 57 128 122 71 18 16 12 23 138 125 100 21 84 104 127 131 20 6 45 61 11 19 52 24 59 72 137 144 38 7 2 123 149 105 36 64 82 67 114 96 133 47 25 106 108 85 97 63 115 66 83 58 4 29 77 139 101 78 107 89 55 119 129 103 94 37 146 143 87 148 120 80 35 41
90 68 168 154 178 143 173 145 99 30 67 182 34 59 176 139 14 133 198 192 41 4 87 137 92 23 152 151 56 2 194 100 174 50 17 191 177 31 156 190 21 65 196 37 199 149 121 73 193 165 170 158 51 140 75 85 128 155 20 166 161 77 79 16 126 26 97 124 108 32 58 125 6 48 84 8 123 13 160 116 144 175 188 9 42 162 33 55 44 45 172 129 181 153 167 164 197 12 195 40 134 120 38 96 28 69 24 53 146 43 25 66 186 142 185 103 5 112 98 78 113 74 27 130 127 117 114 11 111 63 49 35 131 179 70 94 83 3 54 29 101 19 39 147 183 86 10 169 88 109 36 163 22 118 80 102 76 52 115 187 7 60 81 61 184 95 180 119 136 150 171 62 47 122 93 104 18 15 106 105 72 64 91 110 82 57 1 132 135 71 189 107 159 89 141 148 0 157 138 46
207 163 106 25 135 174 217 24 157 33 12 42 143 150 221 195 109 123 32 196 152 112 205 160 206 218 108 141 198 194 219 128 171 60 7 200 162 122 63 173 59 202 76 72 79 186 19 81 0 116 114 71 177 98 14 3 145 100 74 144 85 240 5 84 204 119 20 167 220 75 45 30 132 49 180 41 236 65 69 164 39 175 178 138 161 40 68 214 232 193 158 77 21 242 233 215 131 87 50 70 244 230 15 1 136 249 176 146 22 166 235 58 184 103 90 121 8 55 153 28 48 37 67 191 64 199 139 151 247 213 23 238 209 133 96 142 10 53 189 228 97 226 93 154 115 47 89 36 169 113 211 95 223 92 148 185 245 197 17 183 130 105 107 243 222 137 26 159 124 99 73 111 248 227 66 43 29 31 129 44 229 201 241 210 102 165 51 104 78 4 38 57 172 6 56 224 91 168 35 2 11 82 203 147 149 118 46 181 110 127 83 126 16 62 212 13 188 216 170 187 179 61 237 182 192 231 156 140 155 190 134 54 234 208 52 34 88 225 80 94 246 125 117 27 120 9 86 101 239 18
22 89 246 265 248 62 80 157 184 225 233 64 118 113 97 126 31 261 177 174 41 153 257 82 215 1 19 288 92 65 122 146 247 251 24 52 286 293 190 168 139 59 285 10 219 220 101 40 278 163 207 189 266 7 187 167 53 12 173 69 30 46 74 250 103 102 231 169 298 37 171 14 143 253 279 159 81 60 299 149 273 11 234 195 240 294 154 178 179 145 128 222 275 170 144 75 205 112 197 133 290 150 68 297 185 43 228 214 108 224 254 2 76 88 263 105 158 223 213 140 5 152 4 160 235 271 96 283 135 183 45 186 236 206 125 117 33 284 100 162 155 90 270 13 95 272 42 269 136 204 109 210 268 78 226 91 276 131 29 147 114 166 148 25 267 212 256 176 287 277 16 230 86 36 124 87 191 51 50 193 73 104 18 292 237 252 77 79 238 259 8 98 35 49 295 107 85 28 115 127 188 123 198 9 227 165 264 182 291 99 57 255 26 47 203 296 120 217 241 119 221 142 70 194 83 134 289 61 66 243 55 111 132 38 161 249 280 209 39 3 164 84 180 129 258 6 20 242 181 32 58 94 21 239 244 67 200 218 48 216 34 282 192 138 141 23 121 232 229 93 15 274 44 245 201 27 172 110 63 72 137 199 71 175 54 0 208 211 196 156 281 262 260 116 130 202 56 106 151 17
64 107 268 199 291 31 70 163 5 207 240 312 197 247 189 269 181 293 325 176 334 292 9 375 324 221 129 6 1 257 85 304 372 132 154 299 55 301 338 356 281 143 89 10 225 172 182 333 116 160 13 361 255 388 34 195 206 56 145 37 272 366 144 391 24 261 370 75 270 146 8 227 265 119 262 359 249 142 158 223 353 190 152 118 134 40 242 300 284 52 188 288 233 203 254 19 11 68 127 201 218 122 83 294 217 20 120 258 392 58 156 60 103 239 295 336 157 307 86 273 321 279 280 109 263 373 214 67 192 140 283 14 130 310 155 166 48 216 226 117 169 344 210 91 171 244 2 161 393 26 97 164 384 74 343 347 54 170 121 355 113 112 62 16 177 346 323 349 159 326 147 71 389 271 311 396 251 73 314 102 390 101 167 153 381 289 43 28 352 246 94 358 298 313 78 348 0 29 322 365 7 237 398 230 46 59 264 79 93 12 228 72 274 243 302 76 253 297 213 114 33 185 108 36 363 367 162 80 245 44 90 259 124 196 202 354 296 378 340 329 77 150 17 175 47 285 133 276 15 4 235 135 136 51 22 350 394 250 151 275 110 374 168 305 232 27 317 303 286 115 277 99 309 84 198 224 362 256 351 100 379 148 266 65 376 231 111 63 252 95 32 39 290 319 81 219 3 165 282 139 125 45 131 53 88 194 184 209 137 315 187 191 87 341 186 41 23 126 357 386 30 316 377 337 339 222 236 306 212 397 104 66 179 238 42 369 368 330 345 92 399 248 380 138 61 260 335 385 128 320 208 234 278 141 174 50 193 183 360 332 308 149 123 98 364 200 328 21 49 25 382 327 18 220 342 387 204 241 395 57 82 38 96 371 215 106 105 229 173 69 205 318 178 383 35 331 267 287 180 211
383 435 373 263 404 378 235 278 201 374 421 249 367 198 332 491 425 54 399 291 81 19 390 449 59 349 276 486 84 251 150 394 384 127 68 191 440 372 139 151 254 288 189 269 24 236 439 105 316 209 323 470 144 375 157 7 163 339 334 15 25 39 304 391 324 88 351 475 124 428 43 65 306 300 282 208 188 483 194 360 335 49 8 285 132 241 171 138 96 476 257 395 315 402 430 424 121 6 320 26 397 412 436 330 385 147 294 413 423 74 492 450 244 283 20 314 459 140 169 272 302 143 296 280 179 308 455 80 352 336 214 92 416 17 290 293 479 472 274 75 337 14 409 135 417 361 162 467 312 34 23 493 438 72 55 156 481 259 407 365 40 66 47 48 371 2 431 221 154 484 443 403 102 457 64 297 474 110 496 172 410 358 131 129 192 369 220 262 380 31 445 86 456 243 35 101 454 414 318 207 76 149 146 392 211 370 406 173 246 56 258 98 13 460 0 326 1 82 267 206 333 193 180 292 393 446 245 447 355 142 202 183 322 182 9 499 248 488 63 111 468 364 233 213 60 265 27 311 498 32 222 203 345 287 482 224 379 160 234 218 166 4 350 444 253 346 238 230 161 489 90 408 21 155 388 313 165 229 200 33 411 366 310 38 57 348 215 120 319 477 79 464 328 174 177 227 196 264 321 398 10 30 340 50 91 429 473 317 141 164 175 223 204 342 471 275 362 461 22 359 465 344 95 185 41 478 145 232 28 116 18 354 418 178 133 400 422 273 187 58 281 331 94 289 242 100 396 271 250 37 107 45 325 463 70 216 437 405 89 122 415 343 210 53 357 363 451 260 327 168 252 123 426 434 148 103 108 382 113 78 387 490 452 277 61 284 115 130 356 87 125 389 158 237 126 16 420 347 136 448 299 247 301 261 170 286 309 181 231 197 12 240 46 401 3 77 377 83 462 176 433 494 11 266 104 118 29 329 51 295 228 441 190 119 62 114 368 5 298 381 419 305 152 106 239 195 497 97 159 307 256 112 73 69 219 485 128 167 303 458 52 199 270 376 109 453 217 226 353 341 36 495 432 134 466 44 186 268 212 205 85 427 279 487 42 255 93 137 99 338 442 469 225 184 386 67 480 71 117 153
326 305 115 8 517 363 191 462 96 438 120 519 402 532 253 528 116 80 266 307 52 276 91 497 476 345 58 392 226 89 348 259 9 590 571 27 379 557 268 347 340 11 469 247 355 445 59 141 554 291 214 533 56 215 67 275 510 223 123 206 501 24 523 236 481 428 579 455 592 205 339 310 133 57 278 541 153 257 477 593 218 99 484 193 73 195 269 84 179 131 388 65 53 181 434 576 242 159 394 254 550 74 92 28 382 432 167 580 406 451 405 425 491 294 194 274 72 492 54 202 359 443 168 319 506 460 421 51 426 296 100 324 175 85 255 372 572 409 540 350 172 439 463 502 322 283 203 545 315 264 33 227 588 430 162 567 132 559 83 555 295 49 376 23 393 427 386 311 260 176 568 574 50 459 140 101 352 353 232 404 235 356 38 157 243 94 582 204 581 64 229 45 277 298 249 161 564 297 222 241 10 551 233 503 453 312 483 457 475 534 366 186 293 44 55 314 343 351 578 367 536 20 482 448 3 349 535 538 560 331 561 2 374 508 285 279 152 174 546 180 178 66 61 447 304 21 211 108 436 77 127 114 68 400 401 98 320 573 292 148 143 442 169 599 149 6 16 18 104 39 37 480 375 111 0 300 25 489 107 87 124 267 48 237 109 302 449 458 15 511 250 344 594 313 584 370 190 396 30 71 221 360 200 282 299 271 474 34 569 188 146 138 490 461 40 513 75 70 495 119 381 105 385 32 185 43 90 368 464 499 358 281 272 270 303 361 558 287 160 79 224 321 493 552 498 158 412 335 423 446 433 78 113 418 333 390 284 4 306 431 509 183 470 357 403 290 239 63 422 487 526 265 246 384 308 95 591 31 577 128 155 166 429 328 201 520 29 147 261 151 263 377 240 150 225 184 515 187 537 252 197 437 121 338 452 570 103 102 542 5 575 420 189 586 465 19 543 456 130 415 598 383 419 125 273 332 316 407 556 238 549 213 248 504 410 317 135 230 144 17 288 212 122 93 424 137 413 228 117 82 207 329 562 496 548 36 163 177 553 454 544 325 398 26 198 41 566 380 389 142 289 346 378 220 527 522 336 208 327 369 589 399 323 76 262 199 13 334 110 530 408 583 22 171 217 441 192 467 514 126 86 170 258 563 234 341 88 518 14 585 521 444 156 364 182 196 494 112 411 164 471 440 7 219 69 216 280 450 472 154 365 468 387 165 60 134 118 597 373 286 173 106 371 417 251 479 62 512 362 42 596 12 209 547 1 488 47 337 525 397 35 595 391 145 539 395 139 244 136 485 473 354 301 309 531 524 416 466 245 486 210 414 565 516 507 505 81 500 529 46 587 129 97 256 342 330 435 318 231 478
351 378 441 134 189 207 638 389 126 408 436 64 491 380 273 223 298 576 256 676 124 563 268 263 254 694 346 648 342 430 161 464 546 204 611 317 27 615 267 290 539 585 209 664 502 698 32 122 538 4 282 599 220 402 425 241 381 357 689 348 172 639 450 224 34 687 549 76 560 13 677 579 347 444 384 456 251 578 150 544 235 319 287 521 39 574 387 604 177 345 30 170 96 138 588 364 605 406 462 530 53 500 61 683 77 234 42 662 231 20 147 129 131 632 326 165 94 205 512 688 513 465 684 225 383 219 45 44 454 264 494 248 424 16 421 155 642 296 603 467 678 375 407 338 145 596 127 98 229 28 136 141 422 85 65 418 543 443 665 466 252 367 496 21 680 621 331 461 135 541 292 108 532 186 75 577 697 550 74 503 361 116 587 570 446 623 372 492 239 565 255 557 423 597 618 114 113 275 624 169 81 14 393 340 339 661 435 322 359 2 80 448 167 353 499 480 29 558 132 511 66 78 413 49 602 481 415 143 667 162 37 398 652 365 657 82 508 427 522 669 631 493 109 640 556 240 564 323 432 699 397 72 554 468 174 609 271 519 459 103 43 185 675 414 410 304 52 681 68 111 469 495 246 308 51 160 486 313 352 391 668 507 48 312 524 60 140 625 356 50 237 183 7 362 320 608 279 238 504 569 154 18 278 434 311 533 455 3 477 329 536 659 382 517 679 142 59 40 336 233 217 649 67 614 188 628 682 482 654 693 200 227 283 300 325 479 537 651 535 178 403 102 15 540 146 168 527 417 151 139 672 379 294 471 616 31 309 221 262 100 218 91 590 110 249 568 17 184 164 633 562 635 215 230 488 483 194 83 371 617 226 433 55 366 394 337 526 601 157 175 117 509 335 250 472 70 542 643 575 453 591 199 622 159 607 95 666 236 321 484 343 315 105 534 11 166 368 261 12 197 460 344 561 392 619 395 439 38 23 247 411 674 686 277 571 5 584 594 305 99 191 36 350 551 629 258 198 636 158 647 399 137 92 489 148 695 303 171 437 291 518 354 655 128 341 232 645 555 440 212 244 90 133 123 265 79 429 270 149 257 386 520 9 690 396 630 426 531 390 650 497 553 658 253 295 485 377 401 293 106 613 334 112 196 152 56 525 545 125 373 653 88 201 86 626 87 306 458 385 58 449 409 328 592 369 316 612 374 438 419 93 179 581 363 478 35 181 299 118 107 470 71 176 180 593 428 307 646 514 516 501 475 412 73 69 376 670 600 582 573 10 214 452 388 463 447 515 1 182 24 120 26 97 476 498 101 370 330 404 510 84 548 627 213 203 192 567 57 349 276 333 696 637 119 301 451 673 19 242 41 442 8 473 589 552 156 281 598 288 206 104 610 46 457 153 528 195 269 595 285 327 360 505 506 289 523 324 130 685 202 274 566 210 211 260 222 302 474 187 47 620 487 431 445 671 121 641 272 420 583 559 606 355 243 22 297 663 115 580 62 173 400 54 529 25 314 310 63 572 318 644 284 660 0 691 190 89 358 332 547 163 259 286 245 228 266 634 656 208 144 280 216 193 586 33 692 6 490 405 416
510 389 502 769 521 503 487 504 77 454 514 352 36 323 303 759 42 241 225 579 281 541 712 555 523 485 376 738 305 238 734 320 349 390 446 785 405 622 339 799 530 566 434 711 633 789 134 192 67 669 494 269 168 585 573 222 392 235 49 421 198 223 316 430 356 161 564 258 306 98 649 692 290 141 251 780 30 133 18 416 685 111 374 110 182 610 776 249 636 417 71 737 139 151 688 280 643 617 690 26 778 301 673 148 130 14 620 128 722 429 205 154 528 419 377 569 642 741 715 404 616 45 567 212 363 439 552 626 686 90 655 619 72 705 266 394 350 22 333 78 373 663 797 586 298 600 368 613 695 142 162 496 548 489 227 615 194 761 535 428 513 207 283 508 260 27 689 443 179 178 66 654 297 754 584 79 540 330 536 657 583 792 264 359 524 589 653 777 718 129 228 660 104 594 332 505 627 322 144 61 119 506 550 745 396 772 682 717 651 455 781 493 138 677 362 38 299 147 786 176 63 277 3 369 570 95 24 469 312 186 644 475 282 273 721 709 499 313 414 767 193 635 611 233 755 691 764 29 760 459 46 640 561 108 384 749 531 544 447 720 285 733 354 574 662 319 659 724 87 518 784 553 167 418 136 563 54 628 656 423 757 203 59 440 425 736 347 342 431 432 259 465 331 639 402 302 438 482 358 250 773 82 57 335 581 293 516 587 28 278 591 501 175 190 398 41 572 480 599 291 118 534 699 105 629 645 217 420 795 779 542 158 307 652 365 577 752 646 215 511 7 481 74 750 539 608 624 343 730 701 9 713 174 170 85 408 598 196 121 409 452 517 461 470 437 69 557 43 0 661 400 602 678 796 477 543 565 202 256 21 131 445 387 442 604 762 234 596 295 532 224 468 551 783 473 747 479 334 578 125 770 146 668 109 606 257 89 76 189 345 64 91 15 58 229 292 50 25 756 433 546 559 568 448 106 68 527 538 344 209 549 159 758 793 219 681 252 693 576 60 8 403 407 270 75 62 197 774 648 634 353 383 143 554 729 232 145 706 375 246 444 195 763 595 2 427 261 424 664 415 208 790 575 471 318 12 351 132 32 495 117 83 294 244 623 449 149 184 140 683 436 220 213 463 88 13 160 286 520 650 700 55 679 467 314 73 515 725 137 275 1 670 625 272 360 775 519 65 735 794 694 740 279 338 183 399 287 327 441 191 31 451 614 37 10 605 526 123 665 426 325 562 687 116 23 99 412 218 237 96 226 346 379 199 556 243 484 284 172 710 450 621 488 51 558 372 406 592 47 206 367 458 684 727 666 588 231 361 308 782 742 265 340 348 478 671 311 533 239 647 304 317 357 547 103 80 457 395 385 607 240 177 321 708 242 48 289 381 165 115 380 124 150 40 300 472 545 188 296 370 462 276 771 509 181 529 500 107 464 271 507 157 697 723 324 315 254 56 537 704 466 675 672 185 765 743 19 204 329 135 525 716 601 35 702 201 326 791 486 4 411 726 112 746 253 714 39 788 597 590 221 612 630 173 748 609 310 171 70 336 703 739 474 44 245 328 200 391 92 453 637 497 787 127 582 267 491 126 731 100 288 603 236 166 766 52 632 386 674 719 422 341 34 113 618 522 86 732 355 413 512 435 696 456 658 153 498 164 728 53 97 631 744 156 262 230 698 676 382 638 120 483 210 11 768 268 667 122 560 490 20 211 216 798 152 102 101 169 401 187 16 17 753 410 214 593 309 707 247 378 180 366 388 274 476 248 6 580 680 94 33 364 114 492 263 337 93 460 84 81 393 255 751 641 571 155 5 371 163 397
35 319 337 40 231 516 701 616 871 91 268 63 111 132 688 42 171 719 631 88 123 612 643 773 876 862 206 846 384 896 390 689 418 454 511 611 150 317 700 489 207 821 775 737 552 748 785 728 60 681 328 692 778 735 665 660 724 128 357 703 873 879 118 761 690 431 445 142 271 695 684 767 411 134 892 254 94 58 850 404 326 398 776 356 755 559 90 68 179 53 467 192 716 788 723 229 217 720 261 483 216 834 803 820 240 793 596 380 769 37 298 502 614 874 162 151 333 893 772 621 182 26 891 358 32 453 110 503 296 424 567 325 66 430 889 235 332 385 615 276 742 249 624 164 829 867 93 24 551 677 140 395 792 9 233 82 627 16 305 113 366 386 70 75 1 759 576 798 610 148 817 343 760 709 849 585 825 474 274 102 747 55 533 515 532 608 786 89 389 664 669 405 670 604 636 481 451 106 629 69 473 369 577 397 335 711 247 154 784 553 81 174 777 439 208 807 837 606 702 145 830 722 766 272 344 753 98 764 115 480 750 420 415 634 680 416 130 881 885 564 340 573 432 392 535 877 209 699 167 353 12 293 309 628 518 697 147 736 178 48 165 282 373 833 342 630 406 285 126 161 264 449 458 407 201 569 47 866 656 180 224 289 746 658 819 886 875 509 374 466 329 265 546 215 841 712 663 210 556 657 890 844 428 593 845 300 83 194 852 878 741 693 673 195 241 757 186 345 56 638 33 50 86 79 77 57 331 30 839 74 54 781 804 387 557 487 698 277 39 590 388 860 286 18 352 840 560 637 221 172 31 259 3 61 200 450 583 685 861 609 528 668 733 607 795 28 579 232 694 269 581 121 805 315 371 417 376 139 756 157 639 836 622 529 370 811 359 190 396 257 295 49 678 15 452 391 144 679 429 683 341 204 96 44 870 146 143 654 812 362 119 468 4 222 618 478 626 188 895 584 13 72 706 173 655 412 379 95 525 22 751 347 361 791 294 743 377 177 109 433 423 542 897 360 537 714 421 338 661 239 826 425 422 133 506 244 566 859 587 160 375 163 507 644 336 346 589 348 600 242 351 288 413 228 838 137 523 754 571 159 740 768 500 851 855 334 710 301 19 726 734 808 471 368 898 299 597 409 749 619 290 185 648 887 725 708 436 582 865 512 641 475 168 882 504 410 365 141 76 578 250 476 198 620 287 219 80 2 561 869 550 127 696 667 554 591 255 156 120 599 149 306 730 238 292 441 381 647 640 462 717 848 202 440 816 477 738 539 774 563 731 278 138 316 598 321 544 284 84 248 312 101 659 382 258 212 704 176 103 822 236 270 570 196 463 187 327 666 158 243 524 7 482 64 790 547 459 223 116 642 408 783 519 858 320 796 649 402 514 863 586 324 280 713 536 112 218 635 815 651 426 623 832 448 100 770 540 350 227 501 498 41 632 492 372 555 495 580 234 311 601 853 602 465 10 745 645 613 675 872 38 457 339 230 444 847 59 828 414 155 275 367 572 765 486 894 297 0 354 152 884 87 707 313 20 6 21 443 220 378 399 136 594 856 605 401 400 653 843 682 517 530 799 322 262 522 460 505 153 835 899 818 686 763 464 189 71 732 67 214 273 108 824 545 718 883 8 383 419 813 574 135 17 263 470 183 45 125 85 558 479 62 43 676 827 538 531 864 256 97 225 279 203 794 253 267 831 46 124 782 490 491 721 565 588 314 771 633 562 199 283 251 131 29 181 461 211 434 646 575 437 92 549 213 485 303 809 435 330 104 779 527 65 117 122 687 394 671 801 739 510 857 568 729 888 23 184 5 363 36 691 823 302 11 469 307 854 170 802 800 25 318 508 442 73 193 674 308 880 266 797 810 260 323 513 114 169 650 548 27 868 787 456 543 355 393 814 226 484 175 727 52 758 488 499 521 493 715 403 705 541 534 744 617 191 672 652 496 349 166 455 205 592 105 427 438 291 662 78 780 446 246 494 526 842 34 197 99 129 364 310 752 603 497 625 304 789 107 595 51 447 806 237 252 245 472 520 14 281 762
156 446 295 628 260 319 265 999 550 214 420 948 424 61 784 351 101 169 110 974 318 384 274 612 760 87 677 174 670 491 918 362 194 874 83 180 915 702 43 68 624 923 403 59 600 960 13 213 803 167 950 604 329 209 773 687 261 335 22 236 666 218 100 462 519 614 704 223 288 533 814 340 330 366 797 513 743 150 17 416 254 963 613 382 294 394 373 263 137 557 38 120 134 333 327 521 864 233 388 398 893 806 129 347 556 802 395 46 139 314 369 842 52 985 596 437 716 609 310 538 705 585 846 449 876 852 9 299 669 109 817 641 161 621 0 983 216 579 853 995 6 320 50 48 634 664 939 867 742 171 930 149 799 172 210 86 861 954 207 453 300 768 103 592 952 466 332 474 534 993 523 953 899 698 278 355 328 545 115 438 920 675 723 19 81 741 744 565 882 273 240 498 400 192 540 711 800 554 750 671 430 892 82 524 775 796 165 777 563 740 225 436 883 837 14 410 289 922 302 789 433 894 648 637 290 793 580 211 472 428 865 173 633 718 572 413 79 321 870 441 551 266 55 105 483 407 365 481 405 771 35 179 269 676 810 553 65 237 709 450 36 872 610 146 275 862 62 119 422 574 509 714 376 198 241 729 547 851 72 123 497 616 381 606 757 598 408 589 418 90 267 582 325 57 239 133 905 849 813 898 486 673 734 660 752 135 463 684 841 421 54 200 283 968 217 175 998 548 735 561 277 772 868 114 726 431 360 748 866 871 249 713 127 132 994 342 460 719 246 661 281 819 7 682 728 921 204 949 957 356 721 654 692 869 185 564 996 699 279 607 878 988 296 780 168 75 429 91 977 183 745 426 270 99 761 873 532 492 937 196 686 309 28 590 131 900 255 593 639 63 77 3 118 941 834 599 71 769 955 27 305 715 848 801 247 154 731 40 965 264 345 657 956 425 108 961 958 629 452 966 979 595 392 783 577 414 940 317 488 835 49 159 706 495 432 124 476 605 845 681 409 193 251 235 683 926 828 506 586 942 925 187 396 951 517 157 526 902 2 477 227 602 67 291 399 792 911 33 411 10 617 489 877 104 630 24 423 947 978 536 206 434 597 518 138 662 188 722 280 224 95 107 64 964 936 620 655 668 827 967 938 493 908 984 51 591 268 785 570 584 231 15 74 980 177 765 348 850 910 160 306 858 243 917 739 195 615 130 928 58 622 649 576 569 473 880 371 88 824 779 650 794 307 505 544 162 487 439 608 854 18 484 696 943 514 746 346 44 485 354 116 454 322 427 916 959 242 140 304 855 234 8 500 991 219 69 717 636 971 525 378 215 303 4 262 170 730 732 767 121 919 782 897 357 667 94 644 367 594 611 787 250 811 92 537 829 753 831 151 583 603 435 507 972 693 257 350 822 804 286 809 32 222 458 665 467 859 465 935 927 890 807 736 588 678 857 153 383 826 689 788 311 334 111 468 833 53 737 701 417 256 221 368 685 419 904 932 695 391 292 284 387 674 331 45 229 164 962 41 128 297 25 635 531 929 386 631 358 839 510 530 847 619 181 23 39 459 786 89 220 26 578 901 843 690 558 244 863 691 640 178 11 823 372 202 56 776 478 145 502 230 316 143 770 934 393 73 315 308 703 443 469 389 102 638 496 700 126 21 990 889 542 946 406 125 272 359 282 475 323 973 680 112 913 844 832 152 914 42 552 895 541 651 339 412 20 836 352 896 464 781 708 885 78 645 694 860 480 766 970 313 560 29 501 385 461 543 341 562 906 248 494 559 349 798 571 821 601 253 444 47 361 646 390 30 626 888 812 16 312 724 825 656 285 830 931 989 344 546 945 992 733 190 658 380 986 142 982 575 34 653 539 364 727 147 712 205 672 176 445 567 182 879 997 208 720 106 815 402 271 756 816 573 820 447 85 252 144 31 907 293 981 401 707 818 581 520 875 568 374 754 522 324 790 343 976 93 762 764 805 404 725 226 80 479 512 97 482 238 933 697 504 370 122 549 184 258 298 37 838 163 791 710 751 363 337 856 623 456 96 508 60 759 148 924 189 774 375 117 529 191 457 535 944 679 795 527 338 587 840 659 440 98 643 166 555 470 455 451 749 884 245 186 747 903 287 199 891 625 471 379 969 511 975 503 886 887 76 909 755 66 566 448 158 642 212 301 70 259 778 201 808 353 647 912 499 1 515 881 141 987 528 232 758 113 228 336 136 377 516 12 763 618 397 276 738 688 155 415 663 490 203 197 627 652 632 326 84 5 442
1113 614 645 745 10 330 711 876 1157 1335 1221 443 119 1230 1299 1307 455 1423 58 240 350 732 324 850 74 1187 527 187 815 888 1213 865 898 731 1234 477 1045 961 1415 1249 319 301 364 382 359 1384 327 1036 154 1132 870 123 498 14 1334 1094 643 612 928 779 1194 1345 1484 336 453 1391 618 104 575 634 789 1403 1252 300 625 735 320 6 1447 945 1495 1293 923 1400 1063 558 356 608 719 37 1344 1387 365 552 220 1155 1128 1154 479 912 851 817 1137 1457 792 877 541 539 1086 1118 827 703 549 193 1158 480 1363 769 1424 140 139 1151 363 161 238 326 1310 773 869 1181 1441 394 83 1176 712 205 39 1290 1165 1111 648 751 913 763 1073 503 1329 1038 504 672 427 922 497 742 1060 287 488 499 521 506 1138 163 675 19 235 294 848 1443 917 788 1323 1139 1245 183 728 1081 651 368 30 1393 516 862 795 280 1182 1465 426 1065 395 1248 1271 501 1337 578 146 570 157 567 1076 715 1433 147 415 1412 362 387 1398 60 994 1172 257 1277 522 1389 207 691 1044 97 1417 198 622 1429 1301 418 969 629 1017 965 391 1352 473 1354 90 644 8 760 819 880 554 208 48 579 1168 991 977 1257 440 412 1049 821 1475 1161 1341 88 998 812 1228 259 587 1262 1035 96 84 1420 1041 1445 606 938 103 744 159 423 733 475 135 1355 131 633 780 105 1207 1269 82 1237 1160 388 1229 1318 202 1088 410 1104 852 77 29 54 62 52 941 231 1078 234 783 1125 490 1062 429 859 290 93 1381 458 1263 1442 887 1270 11 26 588 225 1200 380 296 642 1312 897 678 1099 1119 886 858 1399 51 439 663 335 171 138 935 882 245 1021 1407 1488 162 170 68 267 902 1072 528 1401 1498 974 636 1365 847 1490 1377 1109 907 787 265 298 1256 179 232 657 164 1226 583 1470 1223 611 101 1422 1031 573 297 1095 844 377 947 278 646 1136 1143 914 223 593 450 993 262 1222 980 266 985 491 425 536 1112 1032 692 984 1184 929 1029 126 281 340 831 35 647 168 156 581 771 519 1067 1195 471 288 1404 1123 1366 1089 71 1061 331 1080 1142 758 761 436 1288 1258 816 943 15 1458 177 337 891 56 1006 417 641 693 1050 86 7 524 369 956 1313 1276 1093 50 1453 1129 1414 1209 750 610 463 283 978 233 1026 404 551 677 217 1236 110 963 432 383 1317 1477 65 777 564 174 990 1459 400 470 628 1218 1419 421 9 1047 136 1171 428 307 166 483 652 860 459 1147 456 120 853 591 318 277 481 329 603 1296 374 1100 218 1260 1343 1371 1004 165 1188 1320 1240 948 530 127 673 1130 244 454 1212 951 981 474 967 906 141 308 1308 1183 799 861 824 772 1087 1472 1238 511 1362 1430 339 1266 132 1460 13 1405 302 1133 239 226 1217 1336 894 545 982 215 841 420 630 173 964 1216 695 697 875 1204 243 241 24 637 690 871 568 840 966 354 353 803 944 1251 1247 585 109 1410 1454 580 185 343 793 1285 20 826 190 59 702 158 142 1367 1278 662 665 684 604 94 263 1114 33 1462 338 271 1025 1481 635 1115 867 999 111 204 346 589 872 958 102 797 100 462 49 152 1479 1005 547 1116 1431 229 904 768 108 1388 1149 609 246 746 18 42 659 717 1083 592 940 781 681 613 706 723 885 790 1493 937 1283 405 447 195 615 854 67 680 34 849 709 517 927 1024 1227 730 36 535 4 632 237 1439 1122 413 1159 3 674 620 1180 1241 236 1324 467 1117 724 1390 837 1456 357 1250 121 796 892 1450 1339 1110 182 345 1330 392 1064 1203 900 1409 1156 1020 599 389 1289 666 654 909 342 406 1085 1191 1425 518 559 1274 1359 213 572 1440 478 752 835 1177 1057 27 1255 679 1134 910 856 492 31 264 582 25 1199 997 299 437 334 1220 1253 148 1066 1406 125 313 707 248 17 416 1030 197 261 1058 206 465 349 295 1356 1173 260 1010 0 444 1040 562 1108 484 1449 804 149 509 699 99 16 627 638 911 972 1145 252 1340 725 408 44 696 502 1368 762 457 846 361 1395 607 40 172 560 683 451 1239 532 468 624 1053 722 1303 949 45 810 512 476 537 1287 525 881 1101 249 419 597 1309 962 1 689 1052 284 1034 53 973 656 472 767 1351 1013 838 747 986 128 555 1392 1197 1019 196 1167 325 574 764 98 601 1097 80 814 291 515 830 409 431 687 544 186 868 729 1294 801 469 1211 1436 372 1346 379 224 1319 905 107 987 584 960 776 676 69 386 314 370 808 1140 710 874 704 807 508 1059 347 227 631 209 1461 1342 1170 317 253 285 221 500 151 1327 1259 1492 1224 843 1074 901 375 553 1198 1055 995 1358 988 1279 1268 915 282 390 21 970 1189 520 1243 251 1091 1291 130 1015 310 842 1469 1361 1265 1438 117 798 653 942 1411 1202 1196 393 122 1325 228 1124 216 755 1208 289 576 434 510 1231 385 269 276 1451 275 316 1003 1376 1370 1179 309 590 1491 926 1069 595 883 199 621 1162 1338 381 566 766 312 809 1397 292 273 214 270 1068 694 1437 946 1178 461 181 1214 739 1448 332 247 376 1286 1079 1499 304 452 740 64 1219 936 55 1148 397 950 81 441 955 829 38 1144 1009 753 203 1033 1192 1402 1146 713 1480 775 137 774 825 1300 734 449 523 577 903 1482 626 571 1054 129 306 1096 322 1486 41 983 194 1185 311 834 1281 1233 934 494 1103 1120 402 1413 384 1121 884 895 460 1349 489 1350 800 75 1497 1107 1315 378 46 920 805 721 1418 87 92 786 89 1295 1106 586 1205 63 360 866 698 778 1316 256 864 557 756 1321 565 908 79 160 505 1272 1166 442 1215 533 1473 1378 1102 219 1446 1275 230 1463 1483 919 91 1164 688 855 167 399 1002 145 1267 1434 178 979 1105 957 1000 1394 155 1070 1383 43 1428 605 616 822 1374 1175 448 303 85 366 305 1232 1468 534 255 57 526 701 1421 726 495 1043 1332 438 1048 143 658 833 743 433 1150 619 1478 1071 1186 765 602 1444 561 1042 1435 918 222 32 358 411 784 61 279 759 1364 1466 896 932 1039 201 464 1016 921 685 952 286 785 1298 1302 1396 73 1082 1353 367 617 47 598 930 542 1023 531 212 863 661 1090 594 596 514 1416 1008 446 556 1331 175 1360 373 893 845 1018 682 355 811 770 1246 1235 916 671 401 953 655 1372 959 1284 435 748 873 1333 660 150 144 1012 1427 718 1169 1474 1380 115 496 211 939 1297 975 832 1244 836 813 640 538 1037 992 323 293 1098 931 924 5 1084 727 1426 1126 1280 954 791 513 623 669 879 1369 650 1011 1210 321 782 424 1206 1141 112 1357 22 1373 341 890 1467 925 1022 1190 1051 76 548 1135 668 971 315 839 116 1193 1452 543 1485 398 1225 1326 754 1496 1056 1046 191 1348 664 1075 550 371 1385 2 823 242 600 1001 1201 1127 976 1153 133 736 407 749 649 1347 996 667 272 1242 700 95 1163 258 639 72 1174 716 188 1382 482 1007 118 757 708 210 200 1494 802 180 1311 1292 540 670 705 169 114 828 1092 422 720 1455 1322 1305 1261 1131 1328 192 66 1077 806 403 430 968 1379 1254 124 1476 106 1487 1027 485 1273 344 396 70 899 738 134 889 486 487 176 250 414 328 78 113 569 1304 714 28 1152 737 741 878 351 1028 184 1464 23 254 1375 529 933 153 857 686 818 989 348 189 12 1314 493 1014 820 274 507 794 546 1264 352 563 268 1432 333 1386 1489 1408 1471 1282 445 466 1306
570 272 1121 1103 1125 872 1061 703 1345 1506 1527 1449 734 281 128 852 1604 1160 967 1681 213 69 936 748 1310 1390 1700 1400 1277 998 504 509 1371 1556 1473 973 885 968 649 1576 1678 20 876 1480 1646 811 1129 935 1888 1755 538 310 286 160 1318 1361 662 341 824 1044 1664 1358 918 1873 774 1880 930 1485 413 1647 1230 521 1155 1115 361 1698 577 1231 1694 453 1952 587 1803 1022 1111 1334 1490 635 1623 106 1732 818 1606 1751 1159 218 712 1731 1322 1706 1915 142 984 235 314 978 779 1382 1749 1823 945 1546 1219 1812 1104 777 615 130 733 1183 925 1550 1529 1584 738 1582 1683 353 1414 1848 1717 77 827 133 385 79 477 855 753 1854 949 957 1569 916 716 171 1626 298 586 789 796 29 636 1896 1172 166 1351 1282 1586 820 352 836 1736 423 590 366 207 1038 64 1226 1274 299 1797 210 410 1289 898 1471 1842 473 965 523 1709 1175 1719 1459 411 1010 134 389 1272 1421 677 1055 431 1658 1023 953 1836 1134 1120 1624 335 261 1227 1603 750 1025 474 198 1767 1218 229 251 1380 970 969 1436 1399 676 1777 3 878 761 874 1194 1756 1110 359 1439 28 1801 1307 58 1335 1051 1522 36 1450 838 1542 889 46 1596 265 778 48 292 277 269 988 549 223 803 1213 723 1266 975 737 45 201 1423 1024 1762 1130 324 686 1006 1567 1891 1040 1035 1600 445 1957 1483 1133 905 1234 579 527 1283 917 452 1745 458 594 1652 1300 1826 904 1327 1818 113 1455 146 1070 1879 1432 1325 54 158 1366 502 769 1071 1695 1909 65 713 1953 276 449 1665 1782 1246 1489 661 815 1402 609 990 152 479 512 1947 1614 1299 1572 1796 1518 1932 1641 814 673 486 1987 1202 372 639 894 1650 979 1808 1339 758 1113 1385 1935 329 1096 1547 161 1094 1493 1209 422 1119 757 391 845 175 1217 1413 476 1039 481 1241 682 1722 704 896 419 145 1411 1017 1908 1251 1528 1196 1689 483 1397 1849 983 598 1031 25 297 56 1575 1629 785 763 232 1635 1905 1964 471 370 1815 582 267 188 1461 909 408 891 199 1097 305 1670 711 648 140 1232 1362 332 863 1785 1954 1207 88 851 1886 620 200 740 706 1792 68 1320 8 1260 1185 1992 531 9 960 690 392 437 1716 1532 1487 460 1977 1800 1084 1844 1771 1941 319 1441 304 1897 1738 842 78 520 256 1662 610 182 505 1099 995 330 1663 1581 1085 0 1906 722 1171 1144 715 848 1649 1553 274 959 1082 892 1046 149 985 415 913 1530 340 573 228 1566 1551 1139 426 1934 897 1204 589 1619 406 946 868 114 726 214 1540 665 742 61 1317 345 1309 1500 1894 1221 1045 230 617 1346 1359 373 1593 417 397 1001 976 1991 1985 163 357 1979 853 1677 618 732 603 404 1336 1491 1994 1342 958 1978 950 306 1158 1588 536 849 1247 1349 788 1074 1672 724 861 675 1433 1304 1869 1541 511 475 1502 964 1872 937 122 1874 911 1293 813 388 1179 1297 633 906 919 1594 1504 1398 1513 1222 365 255 524 1437 407 1943 1628 184 258 137 1825 1264 1288 1052 972 98 1098 313 572 1280 1081 1741 1184 994 109 1742 1075 1178 966 1561 951 1135 832 233 954 691 312 1775 1963 468 1611 580 1479 1714 1517 1580 444 1892 1435 581 952 629 447 432 1484 912 1835 488 1988 1472 1043 1895 400 1353 1083 1021 755 55 1752 1784 1972 781 1984 513 1312 40 1165 956 611 1533 963 940 90 1079 1223 1774 1404 1521 1827 1270 1503 660 1377 1279 328 208 23 1156 644 770 326 825 1728 1363 1737 260 268 1968 899 60 1123 1715 877 1903 279 1921 804 1427 1982 1494 73 1393 771 333 846 1925 1379 226 844 451 1691 1080 1534 1998 1949 193 765 939 672 1639 1429 1705 496 53 202 1056 1601 1819 27 1940 681 1041 533 560 1197 13 440 1508 574 1798 1430 1856 1724 427 1680 462 147 1229 749 535 901 1688 125 1388 569 947 194 1983 1554 1116 1454 1348 850 944 1654 1548 1285 1656 1833 1847 1787 498 176 1064 1127 1638 1102 607 1794 1424 1422 63 1077 83 1180 1442 557 923 621 652 367 1583 355 1107 384 810 766 942 792 1617 1961 179 1640 24 499 784 1910 751 710 1481 1157 1958 1163 529 1131 807 205 1451 1884 1651 828 197 12 637 244 640 1418 1579 1558 396 1228 1067 1996 480 1108 619 47 1809 1278 259 1216 490 1973 1607 599 168 1114 6 368 1820 448 566 1367 4 81 1019 238 1201 1919 1997 1208 1781 1989 655 1013 624 1976 977 1384 1730 1721 583 102 1590 250 835 699 489 1015 1407 1328 1545 350 822 1256 1574 104 1344 996 922 302 643 80 1965 1591 1883 1254 790 517 1376 334 992 1008 234 19 70 301 1773 1476 497 343 1710 982 575 466 264 932 1763 1239 1057 1128 928 37 1332 212 1986 1686 1464 508 514 494 1093 1759 395 1257 1867 241 1659 289 1975 1281 1295 421 120 1086 131 547 1498 409 1193 1089 1343 1365 754 1893 1352 270 775 59 74 15 1834 1816 759 1276 551 679 1916 1822 744 767 1189 1462 221 1145 873 760 1087 1911 11 1918 1562 843 1851 600 1389 1190 7 167 1939 1269 1824 503 34 887 1685 1507 1029 1265 752 135 1612 1970 1789 49 1060 1497 1913 1657 938 1552 1571 1033 631 315 187 126 592 1324 1790 1313 680 1112 1162 534 153 273 522 1621 1018 1625 728 85 1170 191 86 1092 1154 247 162 1568 875 1535 1804 1453 1776 1478 1922 1779 632 961 362 1511 1177 1337 1152 1543 107 941 284 1627 1537 430 72 559 338 1150 1072 300 1565 115 1465 62 1712 729 819 1374 1515 1 1942 344 1524 1814 605 856 1739 186 1245 111 1902 103 806 129 1885 1860 1053 288 705 1748 1679 608 429 612 841 602 67 1469 195 1466 1140 1405 457 1191 1148 364 1233 651 1088 371 886 240 1173 1608 308 1132 484 1000 1248 565 1882 997 920 1438 1456 1760 1416 1016 379 1969 1861 331 35 628 1460 1559 222 1960 1470 1999 802 659 1980 190 1817 1727 870 1305 623 1632 1661 1253 1417 1531 864 1486 492 351 933 657 180 1811 708 630 1261 1331 1840 1733 1898 1333 540 192 309 1028 1868 720 1832 303 1117 1136 1514 1857 1595 1259 971 588 736 597 1855 280 1198 398 435 701 1047 914 884 1330 1645 1578 546 890 1161 1431 436 1059 472 817 641 627 1426 1948 491 883 1516 377 564 1243 1329 14 348 1697 177 1146 1828 438 1780 291 148 461 1452 926 1187 454 1347 402 693 1069 1395 243 1791 1846 17 150 622 1807 516 1448 84 1684 283 1966 544 1457 839 510 694 262 165 394 1394 812 746 1806 1214 614 1368 206 1536 1091 1668 275 862 1354 121 204 346 980 826 325 1644 727 249 1375 625 1889 1428 929 685 1769 1955 358 1577 1271 718 786 459 741 793 1690 116 154 1899 1341 1926 1859 465 1929 403 871 360 374 568 974 318 1458 219 1945 239 1829 1538 830 1793 1106 927 1176 1301 1875 71 1946 606 882 414 252 1076 1505 1011 196 390 780 683 1557 1263 1275 1573 1589 1242 902 809 650 1169 156 253 556 525 99 91 139 295 881 141 1637 593 1340 82 169 506 1296 1137 1326 123 833 908 666 591 530 1510 1425 174 1391 695 450 263 1587 1831 96 689 443 1770 692 1244 1795 380 30 375 117 1519 989 986 1666 236 731 921 1555 823 209 322 764 1725 21 439 1101 518 183 1314 1933 1475 75 1496 220 1037 1520 1447 1570 1564 1410 1778 1323 1937 1920 1865 1802 1995 1726 1718 1981 89 1786 709 1560 601 487 1141 342 1783 1153 1026 1877 31 317 654 51 1830 1622 420 1701 1002 739 1195 157 1042 1003 159 307 800 242 1100 700 1054 674 1105 164 1049 278 528 94 1852 1993 1699 1810 1066 1620 217 865 1618 424 1338 1252 1599 656 1692 1539 1675 1200 743 507 776 1258 762 999 653 18 1616 1671 1950 1308 1138 387 903 721 224 287 1845 1890 515 571 613 456 1224 1643 1841 795 1488 1887 616 783 1959 1408 1702 1420 1188 1250 1370 1924 87 1740 1974 110 1142 1821 381 860 1951 1298 1287 1004 1914 1168 433 401 948 1445 1839 563 1743 1474 1936 143 1501 857 667 1971 22 859 1805 1765 1356 1674 558 227 772 39 1143 316 1068 132 119 725 578 647 1255 910 1750 455 1754 1220 604 684 1386 1746 1495 794 747 735 1477 100 1467 1126 678 369 1863 470 418 1764 1316 1492 1355 189 1904 485 500 1655 1372 561 638 816 294 1962 554 1027 1203 1598 1901 185 987 1392 1236 1613 337 1669 416 719 702 76 1930 321 1585 41 1235 1720 178 1938 1862 1151 831 1956 1687 151 1412 293 271 1321 962 1610 1523 1050 1636 1870 441 1268 669 1609 1147 799 658 108 532 663 1262 1866 1249 1509 1357 290 1443 1758 1034 1095 555 1602 155 1673 893 1186 354 323 1409 1167 1406 1907 1446 1927 1062 216 1032 1360 1878 1005 773 1544 1381 991 52 173 349 1118 1048 634 172 1210 1267 356 5 1864 1303 215 482 1238 1369 869 847 495 296 1900 687 225 567 105 834 1419 698 519 1065 320 537 92 399 1058 1225 1853 1020 688 493 2 1757 1124 1434 837 1014 1858 1876 1923 1199 1761 1383 745 1164 97 646 1734 285 1440 797 1286 203 866 1315 1036 548 33 993 1967 1704 1843 378 246 1499 1012 1563 1676 645 840 336 425 1747 1723 469 363 1396 1912 552 10 955 808 50 1850 1009 1944 231 1078 1928 393 585 282 57 915 1468 697 478 181 1030 1306 266 539 1273 1703 717 101 237 1311 32 879 93 1871 1837 1294 1240 383 1653 1696 42 1549 66 1788 170 596 311 1512 405 1693 907 464 1881 798 1642 124 895 642 1753 1799 463 1302 707 576 931 782 829 1735 1291 254 756 1290 791 1525 1090 542 1605 257 1063 347 1615 38 1364 562 1708 1415 412 664 1838 442 1682 1744 1667 386 1631 1592 670 1174 1211 787 696 127 16 981 1634 138 1766 26 595 1350 924 545 118 1206 1772 668 1109 671 1711 1373 1768 1633 730 245 44 1660 1192 1292 1284 541 1444 1482 1526 112 1073 626 1237 327 900 858 805 136 428 43 854 1212 768 95 211 543 467 714 376 550 1463 1401 382 1182 1729 1166 934 1122 1648 1990 888 339 1215 1917 801 1403 1319 1149 446 880 943 434 1597 1387 1707 1630 1378 821 1181 553 867 248 526 1931 1713 144 1205 1813 501 1007 584
14 1207 2105 830 973 533 2190 1802 200 88 50 1190 1375 323 756 2324 932 1187 365 1751 648 1494 1165 2072 2431 1904 125 321 852 878 351 93 709 1605 1846 233 392 337 2456 231 2226 478 426 1848 1707 1581 849 1006 1985 743 2488 1522 1082 239 133 1631 907 638 2178 2010 2127 2229 1509 1547 1508 642 361 213 1167 2196 207 1889 1714 1681 465 2012 1460 1592 1158 1120 2037 514 446 1342 753 582 306 1429 1259 537 314 1580 39 2355 2106 945 1132 1879 1994 1071 1530 2191 1868 461 503 161 348 854 355 1643 2239 826 1025 1822 1260 1794 1502 1240 407 1925 2301 1901 1576 1719 683 1083 784 1343 2313 521 2095 860 1989 1932 2061 2198 1104 1250 1749 366 1770 2103 1992 1060 1638 1572 1717 2058 677 2074 15 2344 1505 1248 1645 256 1795 851 1807 1824 1628 186 1499 2079 1119 265 1046 215 2335 793 2192 2009 2373 419 76 2087 1461 928 1969 2060 1452 2417 2275 1797 1399 1736 1548 1582 2272 1678 2399 1355 412 1567 731 1468 2214 1421 1391 199 2464 40 1534 2018 1264 2364 322 893 1253 1138 1663 258 2447 279 627 44 581 295 1528 2145 1142 1640 424 2436 2342 888 1213 827 2153 1331 1675 1537 2224 2439 856 31 2407 1731 63 372 106 1233 1775 1917 320 666 343 832 479 562 2433 2166 2405 447 1021 1047 294 379 720 45 774 2039 1376 2179 2098 309 2165 107 795 1958 1412 565 2246 1243 654 283 1609 817 1656 1241 2278 707 557 1359 681 4 395 2242 8 859 718 2472 235 1304 1856 952 2056 1753 588 2090 362 1878 277 865 1623 1457 450 993 1682 415 384 1975 1000 2195 820 2102 1820 717 2362 198 1915 1097 444 1434 2494 1693 2366 819 772 1087 393 114 263 2041 869 1114 1847 1188 121 1670 759 930 2081 2069 448 1938 1409 1089 975 797 46 1859 224 845 2149 1943 436 668 988 811 2312 2136 1246 246 2159 2477 2493 1108 1973 1552 1867 736 626 12 2177 2289 2092 1218 1515 2360 1560 1335 1851 1381 511 1722 2424 769 2498 972 806 403 1347 1479 1184 922 1601 270 105 1329 1018 2386 1044 691 64 1740 179 1658 2338 994 520 660 2363 2135 357 116 1002 2398 1937 546 1875 481 1535 1869 732 1123 1983 934 494 2336 172 1711 686 2378 1270 1891 2124 1660 276 59 909 569 1913 693 2029 137 273 2495 1762 500 1893 189 944 635 1942 485 2169 454 1273 918 1979 619 583 1333 1949 723 1133 877 109 910 1507 1028 6 126 516 2299 1798 931 2194 92 2076 296 1257 1172 1982 185 1394 165 995 2207 2264 312 855 1084 2142 789 1634 2164 1396 2415 2457 984 1684 2059 2026 2322 1805 1602 643 1048 1477 1563 2358 738 1287 821 741 378 1838 2187 271 1125 1034 1308 368 1251 1325 1178 103 1420 630 1151 1894 1206 1972 874 822 1455 1665 699 208 1677 708 94 658 458 1730 727 1453 2347 374 2109 1578 1239 2451 1171 2478 1778 1723 1405 791 2014 217 2120 941 1685 1625 80 2234 416 1030 917 1443 2350 2071 1406 1703 2365 2161 866 91 96 340 2485 527 1653 698 1144 1161 2045 687 1953 1393 1698 1379 2367 1353 2462 1954 78 180 1311 425 1466 690 1267 1026 2369 2108 2228 150 2017 1971 2217 2314 2144 1541 1669 443 2209 32 2151 2158 2219 1150 1812 227 887 2321 205 1539 2471 1128 1037 1826 937 1586 346 1876 1350 1739 2270 2129 1635 304 977 545 1754 1489 1110 339 1266 653 2241 30 1518 1122 2345 2148 1523 2254 587 1759 253 1319 2104 1540 1294 285 1036 547 1918 573 1279 839 1689 2050 404 586 2132 25 577 1564 2389 85 2093 249 2443 2031 710 1970 75 3 1587 264 2146 1293 1923 540 1010 1112 1927 459 657 2107 1458 1840 358 2216 1093 1988 2449 1004 330 1352 1209 1961 1202 1296 437 2248 2288 48 451 729 1604 1583 250 963 803 1987 2421 2075 867 559 676 1069 219 786 89 1326 1283 1817 933 1309 857 1085 1366 948 2375 1269 974 1169 2202 1706 1998 1437 1493 1870 1633 1887 467 452 946 1843 1438 1646 956 112 1768 804 649 1080 2406 1195 410 517 1804 1950 2197 315 2171 1924 783 2016 949 136 1782 2030 1042 1690 989 466 1041 159 1622 1198 555 1758 2067 2435 1551 391 1852 2047 225 760 417 303 2189 1101 1503 1427 1300 1141 2042 1115 656 1965 1815 1340 2303 1424 122 570 19 1724 858 785 1858 1079 307 1661 2475 541 575 1760 1324 2437 722 439 2163 260 902 472 1417 1426 1074 2034 497 234 1874 2341 1334 816 1222 1644 1833 1344 745 1129 1064 2328 1909 1756 864 1200 1880 2430 166 1666 345 2005 2466 1764 618 2368 2049 1106 892 576 798 1143 1636 1367 2160 737 1227 2257 620 1806 146 2048 1786 701 1921 1185 470 584 350 2401 1696 1154 2022 1554 571 2282 843 590 1398 1542 1672 2319 141 1629 81 2117 2390 469 1182 2 1948 154 1450 434 1440 1641 1732 1136 1336 1354 1432 1016 823 462 632 143 1094 604 385 2070 1193 834 2003 1192 1179 2441 1286 2403 2172 862 1480 327 961 1865 1290 916 1671 2116 1400 2118 1321 981 662 356 1413 1964 1789 1339 2402 2277 77 1701 838 28 2152 35 2468 2244 2199 1550 1402 66 489 1850 130 680 476 1029 564 1916 1484 1721 1363 487 54 1573 971 1853 712 268 1980 713 2349 612 2143 999 1546 433 742 1314 1031 1057 1107 1571 1224 1247 1912 2084 2416 1077 1997 2200 1545 579 1385 1470 1177 2480 733 1475 2156 2250 721 805 598 926 1242 1135 986 967 326 1861 1514 585 2379 997 2440 781 131 1022 1024 1529 1008 1268 1291 1189 1349 2372 1488 499 2320 220 128 1922 1577 1784 1360 300 1422 2223 2043 1430 1926 1219 2137 1012 1596 2400 2112 833 2212 2073 2180 1056 2420 1818 2377 352 1568 2302 1281 1694 631 2240 2361 2141 908 814 1075 1947 2078 2227 1485 51 1338 602 1765 2033 1919 818 799 149 1258 2233 183 1738 2237 1191 2422 958 1102 572 1390 257 1857 1439 673 2011 1055 1809 597 1045 10 245 228 1566 939 1072 344 162 621 1384 37 1 1147 1585 1231 167 1111 169 2134 679 1232 1395 536 1419 1013 1436 623 863 1752 1062 2086 1014 1881 1011 1362 889 1931 1854 1579 901 1844 274 61 1284 1052 1621 2486 1945 195 262 1902 847 2100 2111 898 1356 1295 1127 1223 714 422 1966 1358 411 1750 243 2325 302 49 526 2201 1727 1533 1941 1781 2348 2448 2483 99 2309 222 418 1262 2065 689 1474 1829 2096 1728 1584 1431 2484 776 226 664 1963 1230 1007 715 891 1556 2243 1415 719 1428 43 2094 2247 655 1929 221 936 1463 735 1320 1978 435 1194 275 373 2418 360 2404 633 1418 560 359 672 725 456 1261 272 1946 324 850 990 1517 2225 2260 414 915 1785 24 1051 429 1800 548 1201 1890 490 1175 2052 880 65 504 29 1345 1790 1323 1500 1871 269 157 1862 1086 2354 2115 2429 1720 255 1099 2307 1679 1808 1630 1365 1374 659 704 1473 1181 21 684 2114 1705 532 692 1783 1772 2220 2025 332 2268 682 175 338 1981 1715 492 1589 2463 457 846 1095 591 1939 947 1299 190 52 1278 369 650 495 589 802 135 578 2015 616 347 1986 261 363 90 83 2394 506 552 2038 331 1957 1709 1337 1743 477 1791 1091 538 349 2183 1570 711 409 1538 1555 2083 2327 2414 386 979 1575 168 97 1214 2412 134 389 56 1885 773 661 2174 474 2423 1558 1282 402 1130 1369 2238 1745 319 251 2230 292 318 964 1569 1944 2297 1600 1968 431 1478 2150 739 2032 2492 1459 812 2138 278 2300 2097 2470 1113 1695 216 640 841 1215 1608 1899 486 2356 194 187 202 1088 1467 496 1940 1755 2295 2370 696 1544 230 688 2080 2085 1116 885 333 1216 873 603 174 1652 1708 144 2387 1208 1620 962 1594 1796 836 341 420 1297 950 1892 2013 1543 26 912 1648 399 1447 1156 1100 2331 1897 1451 287 20 599 2408 1203 400 1302 1078 1984 771 1872 1285 252 1811 1361 2305 1995 2055 2130 62 924 380 2453 1511 835 740 925 1234 510 1928 2326 897 1771 519 1160 1588 1237 1059 1896 2497 148 1254 904 837 2393 853 1827 530 2181 2460 794 801 1380 1210 1205 2274 1967 1704 2308 204 1377 2446 896 911 726 423 388 2391 1446 502 1298 996 247 1702 27 1292 523 965 1017 1952 206 2252 1519 1073 580 1289 210 1610 1597 1404 2188 890 1397 1197 2445 1121 1510 142 381 943 38 408 2276 2273 336 1835 1023 428 2490 1288 70 1657 678 2036 33 1513 1386 2173 1149 940 1009 2182 2218 1174 72 1976 829 1766 2491 1481 2091 1716 1803 2008 1506 601 301 1307 1845 2119 2479 2411 370 2311 440 2157 2323 1139 1245 645 86 568 2380 782 1748 903 176 606 1382 232 1053 1816 2376 842 1370 748 1065 2410 1866 181 2329 2203 1313 47 171 242 1619 2384 895 1687 2280 1614 2334 1810 2089 1317 493 2381 1667 2232 129 1035 751 1737 1655 920 1825 1561 68 775 188 1823 1841 438 1383 716 2432 248 1735 104 118 982 951 1146 674 513 488 1617 1229 1118 1271 2343 1659 1898 1819 1330 824 1465 1408 2434 881 1729 670 1651 1315 1276 468 2131 2444 1691 2359 1280 1159 2371 1504 396 177 1448 553 1173 1109 2473 871 449 445 2425 2155 671 401 87 1445 1516 1599 2442 2340 2382 291 2175 2088 919 813 1328 551 2208 98 2269 2291 1607 747 695 371 2455 1117 1491 1642 2261 2099 2339 634 394 2482 1316 1574 809 1306 53 624 744 1068 1842 1697 1673 2210 848 663 229 2283 1372 501 1951 482 463 787 1186 427 432 905 2021 1155 894 558 1410 2427 607 1692 328 1225 757 421 9 1618 505 1990 1864 2383 1799 2374 1763 1235 792 1877 197 310 543 1040 184 1860 101 1389 2213 2253 2101 110 57 761 1058 1991 2438 1164 953 1401 528 1221 522 317 147 1801 2211 665 387 1910 593 297 507 1930 364 1777 1378 254 2317 1888 453 1813 73 779 1061 1081 132 611 2204 1183 1228 1683 120 1054 730 17 1001 100 2020 876 1003 2077 1199 1935 58 2064 969 1624 1831 1312 1212 954 280 2266 2258 290 1744 7 1832 397 2128 2419 535 95 1444 1767 2245 214 534 1496 886 1163 610 1373 960 1371 2004 2051 1627 1591 1033 1993 237 694 2024 2413 1471 1526 2057 1032 377 1839 1090 1103 1521 531 705 69 108 299 675 1615 777 34 241 976 754 259 1327 763 1559 600 218 305 1612 2185 311 614 1497 1955 1067 900 957 518 1244 1553 1252 1310 2154 2292 1884 2263 1486 1490 913 780 1934 825 1974 430 2481 544 2236 2206 1265 1905 2221 1977 515 2426 1761 2315 1152 483 703 376 980 124 1433 998 966 1364 1170 2409 2353 879 2249 2489 629 605 1277 236 636 1837 899 2068 119 512 1613 1606 2293 1787 170 382 2316 1734 561 42 1733 1456 1303 1779 1472 1712 1960 145 1956 755 563 2000 182 2296 138 244 240 2304 1662 1145 82 525 595 2346 1746 927 1780 2396 2113 2019 84 5 1873 491 1469 1263 1168 158 2465 55 484 1449 1274 1726 1900 923 1710 1137 1524 1357 685 983 1483 1700 1886 1482 1849 0 1348 749 2044 2007 1070 1828 1092 1157 882 498 1226 164 592 1180 2053 2459 1351 1718 22 2255 102 1903 79 765 1536 955 1124 1757 2271 828 883 1098 173 406 1368 2287 524 1301 985 2193 2267 647 1066 115 1834 1148 212 1549 556 767 2251 766 764 74 651 815 471 2139 1962 18 1318 2385 2235 1341 1441 1959 2357 153 652 1131 875 942 1332 1836 1821 1699 1492 111 1050 1911 613 1725 460 36 442 594 2337 1814 2294 987 1176 752 2028 2167 1063 140 1639 778 1249 1527 1914 2262 1674 539 641 2123 1792 790 1593 1603 1769 473 807 542 23 238 2062 608 844 1387 342 2474 2231 375 1153 1747 872 282 746 455 529 1895 1498 622 1626 2392 1403 1531 1388 2351 2476 1411 1043 2352 1996 669 2176 1512 508 914 2450 1830 970 758 2318 113 574 1423 209 1788 1933 1005 2133 1275 316 991 734 60 1407 1590 354 191 1595 768 1616 313 1632 2082 1476 770 1713 1688 1882 921 1238 1416 211 702 281 405 1217 549 193 609 1637 2063 2122 2298 117 1020 1611 2279 413 667 1134 831 762 390 796 1204 151 2147 2333 1863 1140 929 868 1487 1027 1680 1305 2310 2330 11 2487 1454 2168 1598 2285 700 554 441 178 724 2215 968 992 480 266 329 2332 2027 788 298 335 2126 367 293 2054 1562 2499 706 1676 1883 810 308 646 2428 1255 978 1392 2001 2023 2388 2046 1462 1774 1015 1162 1256 16 1742 196 1647 959 2006 800 1096 2306 2186 41 728 2496 475 286 1019 383 615 123 628 2281 1520 1741 267 1649 1793 637 289 1211 1907 2397 566 325 596 2184 1686 192 567 2162 1126 1166 1654 1049 1425 2458 2395 2125 398 13 2222 2002 2205 1196 127 550 1525 1501 1855 1414 750 353 1668 1773 155 935 223 2265 861 1495 2259 617 1650 870 808 1664 1464 2290 1442 71 1272 464 201 1039 1076 1999 156 139 884 1236 2286 160 1105 2461 2284 644 2467 625 67 2469 2170 509 2452 1220 2066 2110 2121 1038 284 697 1557 152 840 2454 938 334 1532 1346 2256 2140 1565 203 2035 2040 1776 906 1936 288 163 1322 1908 1920 1906 639 1435
620 1600 2297 25 1229 2493 1486 292 2668 2721 2565 1530 1191 716 833 1490 1544 2623 2207 194 1623 1649 2108 1228 2661 336 58 394 1359 40 973 1728 1246 1345 2914 2674 1766 2870 854 2386 2076 2448 1809 617 250 382 1334 2399 1219 1224 2880 2087 1837 2414 426 2711 2497 2799 2660 133 1367 2634 679 861 1177 180 1280 387 1227 748 2145 2918 2215 224 2535 2200 2894 1333 583 2144 2453 1568 1388 1362 280 199 2279 418 1222 1144 1538 1091 297 1399 1323 1427 1476 2266 1017 2465 766 1595 1755 29 2901 931 2771 904 266 1727 347 1443 917 135 1320 63 653 152 254 1789 911 2164 1963 235 928 1942 1488 2945 451 2602 1024 1513 2135 1961 96 2051 342 2130 2234 2791 2665 1699 1857 502 298 2756 2172 1601 396 1570 1955 2311 1176 2315 2828 1074 1784 1052 2731 2728 1859 868 1287 20 1558 1708 1964 1897 1605 1207 1094 2045 551 24 238 1545 188 1096 1790 1459 2992 1946 457 1589 838 1031 2534 2162 856 2430 1276 2748 2884 225 184 2883 925 2816 1723 1798 431 687 2252 2852 1973 2693 116 1056 720 379 353 2611 1341 1907 1903 1968 827 1648 2013 898 2090 2636 2551 1612 2594 1076 1492 829 1835 2485 1018 1244 1178 138 2341 703 131 629 512 2310 2410 364 1700 483 1526 354 352 2166 2978 2836 2800 2627 1088 767 2744 1111 779 1626 2391 2603 1717 2612 1852 1025 818 1261 1131 192 724 1220 2825 1598 1668 2496 1434 173 630 1211 395 2042 1340 730 2554 178 562 1196 2014 1987 734 2509 1123 1194 2733 2187 403 739 2872 1748 1550 2340 1506 1666 2727 1237 1796 2830 1818 1729 2858 243 628 1537 751 648 1230 1954 1212 1153 2469 1822 1536 1779 1204 2571 1410 639 72 218 2667 2818 2570 1878 2466 929 1029 1375 1450 94 942 1580 2516 1523 1754 2831 556 638 2388 1005 1887 1541 1199 676 2407 1419 2718 1639 140 1015 2864 969 428 277 2888 463 6 320 1166 1329 1014 851 1719 2457 1042 378 1957 281 2393 2963 2367 239 2710 1226 2447 2904 1831 1599 1910 993 2972 137 775 2995 1099 678 1918 1865 936 2843 2323 2055 2431 1264 1113 1407 268 947 1682 1845 1716 2125 581 1629 1355 2801 1339 598 958 1572 522 1036 2547 741 1278 662 114 968 2729 516 2201 15 2644 1633 1770 2402 1010 2955 286 88 207 2889 119 2349 1142 806 145 689 107 927 1922 1282 2429 901 1401 1906 682 2353 591 595 2569 374 1109 877 1404 1552 2848 2789 7 985 1415 674 2420 458 407 1066 1567 552 2120 1304 2664 840 303 1231 2944 414 1794 1734 322 2271 895 2384 85 865 2033 2619 2899 571 1038 2784 1764 478 923 1400 1302 2190 2068 2216 2492 2436 1984 1210 1773 2968 2826 537 2752 2439 1758 1885 2245 1247 1998 67 1584 1715 841 1265 2000 527 915 2754 2024 1661 363 2425 2219 2724 913 906 1245 1151 2392 1985 163 2467 2445 596 221 863 1497 2861 1958 1439 2380 2811 728 2967 1642 2583 1971 1313 1160 462 2774 1842 755 2994 2788 258 577 725 2759 357 573 547 257 64 1691 2823 2134 275 1413 476 2121 538 2193 2239 1745 882 737 1618 757 708 967 1999 1061 2924 1640 172 2370 2698 1900 1966 2642 727 2333 2999 2910 719 2343 848 2768 1284 2542 1776 2615 196 1019 383 2956 2072 2454 2168 994 721 2350 1173 2775 1674 1240 2530 1569 769 1585 1549 1498 466 2073 2943 2176 2009 2182 1357 909 1756 2400 2935 130 1187 2027 1853 2152 1877 2474 1654 826 2363 605 61 2787 2263 36 2699 1751 398 2513 2157 410 461 260 2820 1188 2781 2127 1223 1778 100 1817 325 481 2044 2236 613 1195 794 523 1089 338 2521 405 314 954 1951 1027 2680 690 1361 1053 1470 2608 1213 2807 2206 2373 2147 209 2203 269 2669 1792 51 2714 2017 2893 2957 564 161 825 774 1321 896 2761 123 586 1481 2766 1943 43 2189 1702 1834 249 2449 1660 1218 2106 1257 2767 2038 2258 2597 326 1155 2438 392 1242 1960 1009 1377 2285 521 684 665 664 953 479 2607 1315 2690 642 1830 2895 934 878 615 2927 2035 1628 511 2824 2960 932 1326 1540 1197 837 698 866 2237 2912 1710 423 1181 1465 1473 282 71 2980 2326 1610 2261 1721 443 2658 1502 902 103 1170 278 2998 2374 1515 943 1045 2797 2631 1130 822 624 2553 2379 1609 1889 1206 2896 2528 252 1559 386 306 1376 797 2434 1874 1403 413 2949 1330 2419 2423 801 2659 381 2057 672 30 2833 2151 2900 627 2351 2906 125 341 2856 1289 670 259 419 2148 2291 2123 2792 2508 2330 2827 263 1694 2483 2961 2476 657 1673 1205 1988 488 2197 1591 981 2991 47 2689 1167 575 814 2012 2128 1163 1409 2919 1077 1941 1080 39 1286 1075 168 2115 1986 765 1478 2488 585 2296 641 995 1838 2871 1542 533 2877 1318 2005 1520 2071 2455 758 567 1445 2224 823 2229 2541 2526 2161 117 1349 2235 722 1208 1100 2772 2470 800 979 228 986 128 2663 1378 844 377 240 1171 284 2941 2860 677 907 446 2626 388 1369 234 1008 1416 2538 1832 1348 2003 978 1421 1614 2110 2692 2126 589 1452 1148 509 417 1030 1671 2672 1777 1905 2950 1551 1082 169 244 1364 2552 2437 1563 1070 183 1046 126 592 2595 26 222 153 167 634 80 1411 370 2685 2007 2196 764 1374 2550 1750 1795 2131 432 317 2163 1065 1548 1736 2287 858 2301 445 2931 1936 1071 2874 1788 1072 2878 1747 1561 2029 2804 489 1467 588 1965 2812 1021 1679 608 2344 998 1991 2112 2503 1087 1232 937 2779 2723 2443 2226 1518 2328 563 1547 1704 308 146 2070 2782 1575 1624 2487 2369 2700 815 2160 1604 2281 1298 2358 18 622 2929 759 2129 2981 1634 738 2325 2706 2089 550 1627 2030 735 214 723 1836 2762 2997 175 2394 2352 2770 887 50 2289 2069 2025 1387 1192 1471 697 2817 1827 763 1785 2882 16 1616 1136 2977 2598 1767 493 210 1086 2354 1500 655 335 2624 2205 2717 1759 1059 508 908 0 520 1720 1653 2053 1931 714 1738 2238 970 1689 2178 429 889 2046 982 733 176 2539 885 645 1528 899 2655 1028 1851 2790 2211 1125 1644 955 1358 587 122 1893 32 442 1164 2101 2155 673 2095 2321 793 2116 411 1858 1913 658 961 2309 2489 2854 2096 2264 1641 2635 1043 1531 959 1917 1510 2778 2982 104 285 253 2184 1360 756 2732 162 890 2468 2282 1495 2217 1976 1143 355 2517 2625 2395 1394 1793 1225 1251 321 8 2444 1424 2366 226 2376 1085 886 132 2138 528 2641 2471 2573 732 2712 2651 2359 1469 2560 2360 459 1432 2579 1854 712 1446 2002 2461 2099 2421 1487 2527 2006 780 778 935 329 181 2442 2208 999 2886 1435 918 2745 2725 2925 2971 2523 2032 1259 1876 980 37 2588 2536 2288 862 1586 1507 706 1869 1267 1460 1856 1253 1602 2589 496 2970 2837 2292 2776 2299 1396 2249 1573 1420 1787 170 1385 2654 2276 2510 111 1428 2150 830 301 1875 2544 2940 2815 1801 711 2075 1055 230 2907 2250 2798 497 871 2427 1724 1297 272 2221 2015 1731 2707 1283 729 842 2259 2256 1295 1849 2088 2416 1868 1631 1092 599 1168 786 89 1926 1848 274 1371 2504 330 812 650 860 1305 98 2715 576 82 2220 1063 1402 965 1449 546 2840 1429 1938 1183 2254 91 460 261 1688 2577 1583 2738 2268 1949 2682 1797 1775 749 1989 2684 255 2865 2501 699 309 1300 1314 1373 1746 1636 2050 2181 2908 695 2839 1110 2578 2041 1002 1685 1441 1872 62 1391 685 1047 256 754 2990 2975 1993 2478 1084 433 1509 1577 2857 2486 1491 1511 607 112 2335 276 2450 65 1064 38 2557 1260 185 2098 2280 2307 283 1351 1040 1732 495 834 1397 1574 2686 2368 2743 2124 2063 2267 1139 2909 2018 1431 1621 1564 532 2587 1937 618 2082 621 2600 2512 1190 1659 1804 60 472 359 2346 619 746 1243 242 2605 1883 1354 191 1007 422 2337 1615 2428 1203 1813 203 1603 2562 2375 709 439 1556 134 1250 1272 2805 1769 1147 941 2269 1328 960 584 1622 783 821 2850 1911 1665 787 1134 1514 616 144 531 1034 768 1763 2365 2610 1347 2794 760 2783 1248 905 334 640 1895 499 86 1862 609 2403 2677 1475 2091 397 519 771 2377 2114 1994 2844 375 835 141 1847 1861 2480 1646 1023 1484 27 1423 1647 2441 2498 945 1239 2037 1350 1630 611 2305 2666 1697 1522 211 1996 2067 2758 2277 2274 2973 704 788 2869 2922 2022 803 393 2614 671 1901 2845 2777 1081 2561 2604 1268 853 900 231 1078 1739 2322 2765 1039 914 2406 1693 227 2317 1533 1114 2749 1884 2418 972 530 933 2214 2822 1805 2143 707 643 852 300 625 482 1180 1241 2482 385 1258 1137 2519 916 694 1925 2273 828 2021 1184 2757 120 2105 610 2606 1001 2158 2809 1107 930 2576 236 1041 1939 1067 1293 1118 1159 2329 1101 1202 2357 5 118 1950 2298 790 1073 42 2863 421 2518 1406 784 2849 1353 2074 2697 1466 1496 323 1337 1743 69 1828 28 1879 1695 101 2506 99 1306 950 247 332 843 2435 2316 631 494 2338 2934 1200 380 106 2813 1 1800 343 287 2381 369 171 2742 75 2302 2332 1997 2319 2334 663 1810 541 2039 876 2679 2763 503 1553 1235 1455 1322 2446 2959 1625 761 1022 295 1529 857 646 79 2477 1681 940 1508 561 2617 1619 237 229 569 894 2192 371 1444 2897 2016 2383 744 2709 1656 2780 1980 1149 601 2670 2694 1453 529 602 143 2876 2917 1215 2348 2500 1165 1485 884 1855 1126 124 1982 2061 951 526 2010 2984 2993 656 1912 792 77 777 105 1269 963 750 921 2499 1255 424 2753 553 1381 1820 717 2049 1617 1426 1051 2293 1277 1499 1079 1249 2522 1162 1841 2262 867 2136 1730 956 2248 464 1505 2902 782 2563 1780 795 2397 2451 957 484 2574 351 1945 971 1390 1860 1684 1593 2926 1995 2879 1948 2026 2936 4 1613 938 2169 46 2140 233 544 197 1344 1990 2243 2834 2599 500 2195 2460 1921 1753 2113 1519 190 2657 416 997 1880 318 2458 1686 1058 2199 1632 2979 2413 2648 74 177 2146 456 2 1761 501 1894 2484 1132 2948 1977 675 1463 2564 996 327 13 810 966 2432 1565 1233 1891 2093 165 2601 453 2739 525 1050 2411 667 2646 2048 2133 1899 2760 2409 2969 875 864 1670 2592 2191 1090 1312 897 2713 2795 2832 1637 2671 2270 2290 2481 1405 2094 2043 2139 964 1069 2361 331 1944 1546 2705 1843 1422 593 2862 1327 2464 246 2246 2928 440 477 415 702 59 1436 718 34 1503 2286 160 2212 2202 1311 1489 1386 1803 1927 1174 626 1301 270 791 2023 1953 1771 1516 2165 2278 2231 344 691 1044 820 2640 1035 21 408 350 2156 2847 2100 1156 1020 2842 296 1914 2702 1725 2204 166 2371 1888 805 2247 2240 1145 450 1829 1290 68 1412 869 1733 2174 2473 307 2859 874 991 1356 1718 22 2362 1115 1285 1000 892 2304 2913 924 2946 2937 1317 113 1299 570 1288 1119 2132 847 2892 2142 1956 1398 2618 1011 1824 850 2703 1366 1158 1310 2185 659 811 1867 2257 983 2987 1408 2891 517 1882 2515 681 2932 264 1336 438 299 291 2502 1182 2633 55 486 1169 12 2951 2986 41 2459 1578 1414 1097 893 1703 2320 2537 384 1307 2851 1117 78 1635 944 2084 2514 1494 2915 1193 2647 2525 1303 949 2511 2241 2180 2062 2974 2740 948 632 1592 361 1437 2382 2954 1352 391 1270 504 1807 2031 1863 2629 1890 2650 2171 2107 1271 2585 2378 2821 142 158 649 2580 11 1726 2866 399 1947 2283 798 1254 1189 200 1620 217 1236 1669 213 2681 265 1579 1380 1430 1331 312 776 271 1757 448 420 1705 1539 2621 474 469 2582 2047 612 2962 651 2747 1566 2572 1687 1588 204 346 2543 1120 560 1737 90 2314 2933 565 412 151 2275 831 1712 2260 205 1898 1474 855 1667 223 1133 2545 2676 2846 2111 799 349 747 977 1762 2769 1104 880 710 1140 467 2873 1458 2102 2472 1273 1425 1395 2054 992 480 1108 2734 2649 881 2586 514 2532 2785 2921 2008 1335 680 2463 2531 1662 1959 2540 1709 1274 962 1543 2077 1562 1554 700 1802 539 73 1393 2905 1477 1811 1819 2675 1978 1935 1975 1384 444 705 2223 652 1060 1186 1711 1608 1846 366 1451 1146 2490 2119 647 2356 1740 2085 1581 2080 1266 2983 2412 1116 1844 1003 174 2736 836 206 1676 2966 2251 1122 2081 1683 1707 808 2034 635 2938 1252 1135 1525 66 437 121 1141 1129 406 1346 1448 84 2149 1343 1871 1438 809 2806 2695 195 241 2183 2548 1663 946 1068 2953 1714 10 745 2065 2058 1275 1576 548 201 248 1106 2339 1850 2719 1657 849 870 1319 409 2549 1033 1706 566 53 2475 186 1209 939 2011 1479 2890 1928 2210 2056 1952 2167 2750 604 1594 1128 1154 1324 669 294 2964 2179 2947 2841 1643 1048 2118 492 1316 1933 1150 48 1909 2141 2342 304 2052 1281 1839 1808 1098 2398 1521 390 311 470 1032 2546 2678 1840 358 1138 348 220 376 2188 1713 328 910 1433 2308 772 2741 2159 2385 2643 2294 1806 129 1054 2417 54 1262 1216 2491 19 1234 582 1962 2153 2903 2920 1279 2716 1534 373 2086 1179 2637 542 2838 1112 339 590 2424 1765 2989 2336 813 2372 198 1826 683 434 2507 1383 2916 872 807 1292 540 1923 1332 513 1744 454 315 2965 1881 1238 1886 2387 1678 471 288 1645 802 1675 1783 154 2810 2639 2652 789 2222 753 182 2630 1308 436 606 1049 2628 1650 2696 817 2829 2885 2911 1768 57 2078 2751 603 404 1535 2415 452 2958 2154 1157 127 430 2988 1904 2835 1372 1389 1442 549 654 1696 368 1524 637 1493 505 9 1692 2898 2683 23 2422 2853 345 310 1462 324 2581 614 1365 139 372 859 2306 2122 2020 2567 427 2186 2355 367 2001 1454 580 688 1294 1816 701 425 1263 1970 2687 1866 1749 984 2303 846 95 554 1924 773 2584 2104 1930 1760 290 1483 919 726 2764 987 1587 92 164 2867 2390 2533 447 1983 216 2028 187 1701 920 1896 1457 2109 743 1934 2708 1152 543 2347 487 2976 2173 2559 518 1920 83 2701 150 17 1480 1201 1786 147 155 1929 534 2566 273 2868 686 891 1969 2819 824 1309 597 1447 1517 490 1873 2688 76 1690 1418 1979 2735 1464 1782 692 2253 1672 715 545 1121 1772 1596 2312 2244 2529 1658 449 473 903 485 2452 401 2952 2232 623 1815 340 2609 2773 2064 1821 1026 468 1172 2494 1560 1440 572 1974 110 644 1870 2194 87 579 2645 1752 1379 2855 2722 816 1325 2558 976 2786 1812 1161 2213 594 770 70 1338 2881 796 888 1012 1127 2066 1655 752 1256 2662 574 1742 115 1006 56 202 2887 2730 1651 555 740 506 1482 1296 1368 2691 1722 661 44 245 189 2737 2242 1972 159 3 362 2228 1833 193 2505 49 2036 912 1527 666 400 2632 1417 2462 333 212 267 1512 465 731 475 1083 2389 1013 2318 883 2616 1774 1698 1105 1185 1932 989 2079 2170 2802 660 2524 1814 251 2327 1555 1582 2704 781 2440 1892 35 2331 262 696 1940 1825 179 2265 2060 952 2059 693 109 713 536 498 208 2720 578 974 819 2233 568 313 1370 1468 804 2019 2117 2939 2653 136 2673 1735 2620 402 1382 1606 97 1102 2479 742 2295 1057 2433 2875 1342 1461 232 636 1638 1221 1557 762 1004 2092 45 2622 305 1217 2803 2175 633 2230 2209 14 2596 2520 1611 2755 1919 2942 832 845 1791 515 1093 2495 2426 2555 2083 2408 2923 988 157 507 215 156 839 2255 2726 1741 1781 1571 2225 2556 389 559 2396 2656 600 2613 337 1677 149 1799 1967 316 2137 2004 81 1992 1363 2590 52 736 1198 2177 2405 1607 1915 2996 2284 31 1916 2456 435 922 302 1095 1532 2198 879 93 1864 33 2808 1597 1392 1501 975 2638 365 2985 2593 1291 293 1823 535 1504 356 1908 2401 289 1456 2272 668 990 1175 1037 926 2097 2324 785 558 2227 1680 2313 524 2345 2814 2218 2796 2746 1124 2930 1664 1214 360 319 1652 2300 148 2568 1103 1981 873 108 2040 510 1472 219 557 2364 2404 2793 1062 2575 455 2103 1902 491 279 1590 102 1016 2591 441
