0 1 5 3 4 9 6 8 2 7
6 11 14 7 5 2 3 0 1 8 10 13 4 9 12
13 3 9 0 6 7 4 5 18 8 17 1 15 11 2 12 16 14 19 10
11 18 19 23 3 7 5 9 22 0 16 4 14 2 10 17 24 6 20 21 8 12 13 1 15
7 5 21 18 0 22 29 1 14 20 2 15 28 8 11 4 25 13 23 12 10 6 27 24 19 16 26 9 3 17
39 25 17 26 16 15 30 32 21 4 5 38 37 6 0 13 12 9 22 35 19 23 33 28 24 34 3 29 18 31 36 14 11 2 1 20 8 7 27 10
1 15 36 12 25 40 27 47 34 5 32 6 49 13 41 19 39 35 0 22 29 23 30 18 44 10 28 21 48 8 14 38 37 24 31 16 20 9 42 45 4 7 2 3 33 17 26 43 46 11
26 38 24 11 47 1 4 44 7 31 22 41 3 20 6 25 17 18 54 32 42 59 39 30 8 23 28 46 56 45 57 49 27 37 21 29 50 14 40 33 16 12 9 58 48 43 36 35 51 55 53 34 15 2 19 52 13 0 5 10
60 53 27 67 8 66 18 5 40 24 62 52 32 15 48 38 29 16 10 45 36 3 26 42 59 12 63 7 14 61 51 58 6 17 69 43 44 22 47 1 25 9 2 4 28 23 55 13 0 19 46 11 57 68 41 20 30 37 35 64 54 39 34 65 56 21 50 49 33 31
60 8 3 7 6 31 28 72 42 18 2 10 77 12 53 54 40 19 58 48 46 25 76 26 41 65 16 39 50 27 66 71 24 51 29 21 57 17 70 49 73 47 1 30 75 44 5 55 63 64 33 56 69 13 62 20 15 74 0 68 23 34 67 35 11 37 38 78 52 32 22 4 79 61 36 43 59 9 14 45
49 82 12 83 79 36 73 50 53 25 41 62 77 75 44 16 27 54 72 3 26 80 5 84 89 56 71 14 0 65 17 70 31 13 42 37 61 39 51 88 20 6 69 29 33 21 48 78 74 32 7 46 63 64 43 67 68 40 55 60 52 8 2 15 66 85 18 11 24 30 38 87 35 1 59 58 57 34 22 28 86 19 76 10 9 23 47 81 45 4
79 73 80 65 29 31 82 18 13 52 42 67 92 9 14 30 97 25 87 15 74 72 10 45 51 39 90 1 20 6 68 69 5 84 61 64 89 12 28 55 53 57 38 23 99 3 2 41 85 34 40 43 78 54 22 32 46 96 56 83 94 70 19 62 4 7 95 11 77 59 63 75 17 88 71 98 66 48 0 35 49 37 58 33 47 91 44 26 16 93 50 36 86 60 81 21 8 24 76 27
42 61 66 94 26 70 12 16 143 146 37 148 78 17 77 139 24 86 117 88 20 57 123 23 138 140 142 49 126 32 74 34 5 40 75 27 36 13 149 103 64 82 67 114 59 129 119 93 100 125 14 84 112 11 98 21 65 33 18 71 47 41 2 104 127 0 91 56 122 128 106 25 72 137 116 62 110 133 52 15 8 132 69 130 1 3 4 58 79 144 38 19 45 90 39 55 83 108 31 109 131 76 50 28 95 81 35 80 101 87 53 145 51 29 147 124 99 115 7 22 68 48 141 54 118 60 46 9 120 10 44 102 135 136 6 96 111 43 134 92 121 30 105 89 107 113 73 63 97 85
79 134 40 195 119 65 171 91 199 37 189 112 98 197 12 163 114 165 107 132 11 95 184 152 151 45 186 1 101 43 150 36 109 138 46 169 14 130 137 87 190 156 31 167 164 0 157 121 27 56 41 133 55 193 89 141 122 60 8 120 38 71 135 51 191 125 58 29 54 3 123 13 50 17 159 116 144 175 2 194 100 70 166 155 53 24 154 30 66 25 97 26 86 10 88 105 106 15 18 104 93 198 77 174 170 153 57 78 115 187 76 52 5 84 48 178 23 92 9 42 162 19 143 68 177 146 20 73 113 74 72 99 188 149 181 21 110 82 118 22 148 35 49 63 111 62 4 183 147 39 7 124 196 33 136 28 179 131 142 185 103 172 129 94 158 96 61 81 140 83 108 32 47 80 128 85 75 168 6 16 126 180 44 90 161 160 64 102 117 127 145 173 69 139 176 59 34 182 67 192
241 100 133 24 150 221 172 62 98 157 33 168 180 79 72 47 92 148 185 214 232 193 202 41 236 65 179 30 132 49 85 144 116 18 207 197 17 166 31 29 158 164 69 93 50 234 208 52 190 134 105 20 167 110 181 108 94 3 77 154 229 200 218 161 40 60 7 163 106 25 153 28 9 192 149 80 118 119 57 4 78 113 233 242 21 91 224 56 151 247 213 23 120 27 117 245 44 129 246 125 176 146 131 87 73 135 174 217 122 13 114 111 227 70 16 212 38 59 75 220 35 81 0 198 141 204 84 11 82 203 124 159 26 137 1 136 249 155 89 126 83 127 2 128 169 88 34 61 237 74 15 235 58 184 103 90 121 8 55 188 12 130 183 243 76 182 201 143 42 231 178 238 209 86 54 115 138 96 142 10 53 189 228 97 226 67 37 48 22 19 186 175 39 147 71 177 225 102 210 199 139 206 160 205 112 6 140 145 248 162 43 215 66 36 156 195 240 5 194 219 171 99 187 170 216 239 101 46 109 222 152 196 32 123 68 191 64 45 107 244 230 14 211 104 51 165 95 223 63 173
219 10 105 262 150 17 191 151 235 271 22 160 4 152 5 241 119 221 165 264 182 291 99 57 255 26 47 227 131 276 91 226 78 268 188 127 96 260 13 225 184 40 59 285 72 154 1 174 41 153 114 147 295 49 234 89 48 218 200 67 244 146 122 65 92 229 58 94 21 83 128 84 248 9 33 30 104 18 222 190 293 116 130 202 186 236 245 253 133 242 74 93 61 261 177 46 292 237 280 145 179 0 201 56 204 109 210 15 274 267 31 12 189 117 45 273 82 257 68 169 298 37 171 42 269 195 240 50 193 73 63 34 216 279 159 207 214 211 196 134 266 286 27 265 246 166 148 25 106 173 69 172 110 75 70 121 249 161 62 11 2 80 228 136 95 272 270 103 35 98 8 259 238 212 256 81 198 123 203 296 120 180 220 101 44 294 250 176 139 251 24 125 141 51 278 163 230 144 170 275 217 175 71 199 137 223 287 277 16 283 232 258 6 129 100 284 209 39 3 164 158 142 289 157 102 206 167 243 19 288 205 112 197 252 28 85 107 77 79 143 14 233 239 290 213 140 168 64 118 297 185 23 38 132 194 162 155 53 60 299 282 192 138 135 183 86 126 43 7 187 215 97 113 90 87 124 36 149 108 224 254 247 111 55 32 181 29 54 52 263 88 76 115 20 208 281 156 231 178 66
282 165 395 241 7 365 22 51 398 190 343 110 121 170 229 366 174 50 193 274 307 86 62 112 13 160 243 3 219 392 314 102 339 293 116 209 18 220 342 39 344 36 283 203 233 288 1 358 349 323 141 278 234 315 187 191 345 79 312 189 269 275 285 297 254 225 359 140 192 67 214 20 26 300 236 227 108 311 396 77 152 118 134 40 242 38 82 57 361 255 388 34 113 260 335 385 279 321 273 70 11 2 244 168 374 337 377 316 353 96 162 127 391 144 230 46 59 302 64 107 157 368 369 379 93 94 246 44 245 195 206 218 201 215 371 166 48 357 167 153 381 289 222 373 263 329 340 240 207 89 179 238 12 53 88 63 348 78 200 364 33 226 216 9 375 188 81 159 326 47 175 298 313 14 290 68 228 72 114 109 128 148 130 310 294 319 277 237 65 386 30 380 196 210 185 172 182 267 331 35 383 194 184 261 24 120 126 23 41 186 328 163 355 390 101 394 154 132 372 304 85 257 135 235 4 15 276 97 363 10 351 92 137 99 309 322 29 0 250 213 76 253 143 178 287 180 296 354 202 256 362 224 356 338 301 55 266 111 231 376 259 32 95 252 73 251 223 158 133 239 295 115 325 6 248 399 217 83 122 61 138 271 389 71 17 150 280 292 334 176 58 284 52 117 75 270 155 69 205 45 125 139 151 212 306 258 98 123 370 330 136 124 131 105 106 367 43 281 303 173 320 208 21 49 25 382 327 272 37 145 286 56 31 42 19 164 161 103 305 232 27 317 146 8 198 384 74 350 177 156 60 197 247 262 119 265 333 100 28 352 336 347 54 16 211 393 346 80 84 264 268 199 91 171 291 90 387 204 378 5 142 249 169 299 147 66 104 397 318 183 360 332 308 149 341 87 324 221 129 181
66 228 29 492 74 16 384 394 128 45 138 193 316 209 264 98 408 189 443 484 194 360 335 49 8 234 160 286 309 366 310 246 173 486 84 251 150 121 170 375 334 376 442 469 195 497 97 457 64 459 123 211 370 306 300 338 99 369 319 477 79 389 125 87 391 324 31 445 86 126 237 158 221 356 180 292 272 302 136 409 135 417 383 424 350 444 73 69 219 485 393 186 44 466 134 432 495 130 115 471 342 290 256 112 109 410 358 392 146 149 76 89 122 265 96 476 407 70 301 261 456 479 293 481 259 243 35 312 390 174 177 229 165 197 207 401 172 182 322 448 416 439 202 238 230 162 496 200 236 152 101 321 313 361 224 489 90 222 418 354 18 449 59 349 276 14 337 398 10 117 153 62 212 38 280 17 377 240 46 282 92 252 498 32 124 220 262 295 51 24 7 163 40 184 185 95 344 412 413 452 154 474 297 118 104 266 455 470 75 380 65 320 6 56 430 402 241 171 242 289 94 331 405 15 111 287 345 203 374 421 249 23 34 493 438 436 330 385 42 255 13 250 37 107 346 179 308 132 285 440 372 139 151 110 1 67 480 71 192 129 0 326 399 54 27 159 307 61 284 161 281 58 332 491 425 108 382 294 147 225 187 273 120 106 257 395 315 204 223 175 164 141 317 473 429 91 50 340 30 296 387 78 113 318 414 143 19 81 291 213 60 33 411 119 25 339 157 57 183 41 181 231 77 3 386 478 348 215 305 419 426 434 427 397 26 279 482 487 367 198 93 422 239 420 347 142 355 82 205 85 365 288 254 103 148 137 277 363 357 343 415 327 260 451 299 169 140 83 462 127 68 191 22 461 43 47 48 371 268 468 364 233 488 63 190 441 274 472 304 39 176 433 20 283 244 450 210 53 155 388 368 5 494 11 102 403 437 216 483 188 267 206 333 245 446 423 447 178 133 55 156 196 227 131 72 325 454 314 328 464 208 362 275 12 21 258 298 381 465 359 168 490 214 336 323 329 105 253 428 88 351 475 2 269 144 453 217 226 114 247 406 218 166 4 9 499 248 145 232 28 116 353 341 36 463 435 373 263 404 378 235 278 201 100 396 271 167 303 458 52 199 270 352 80 311 460 431 467 379 400
165 387 483 351 431 590 9 492 151 261 124 87 42 576 242 159 394 254 418 529 267 198 41 511 250 344 386 311 260 176 392 55 413 228 106 173 485 473 354 352 581 64 336 522 433 326 282 274 15 458 424 137 499 358 32 385 105 381 119 447 405 259 422 131 39 104 450 445 59 186 84 571 28 397 453 331 30 71 221 442 468 562 262 302 80 116 388 65 141 76 323 406 399 147 349 8 257 190 593 245 44 486 209 35 425 90 43 185 214 328 201 520 220 523 24 371 417 384 269 369 234 341 88 518 14 530 408 79 160 287 558 361 303 480 526 265 246 350 263 377 240 150 225 563 258 232 538 560 459 50 574 474 271 128 155 166 429 378 277 434 181 53 12 596 370 584 93 279 327 577 519 402 532 286 52 313 339 205 592 455 507 505 589 398 113 78 283 322 430 162 489 343 435 318 33 264 315 393 427 202 54 29 100 324 45 226 479 62 373 156 444 102 127 421 460 280 500 81 547 1 488 594 19 465 586 376 49 295 555 83 569 34 572 38 356 298 37 26 306 4 284 390 301 309 16 18 222 297 564 200 360 138 146 308 475 457 275 368 464 501 210 491 294 118 597 169 599 432 101 140 546 268 223 527 316 407 251 56 537 187 515 125 419 383 194 208 189 296 380 517 478 48 338 121 437 197 252 466 598 415 73 193 525 400 68 248 566 244 139 342 183 136 332 273 255 372 40 540 409 149 6 321 493 552 498 123 206 568 144 17 288 270 256 97 439 585 521 134 60 74 550 404 235 153 456 130 345 346 177 553 454 544 325 449 364 531 21 561 2 374 120 438 152 174 477 114 347 340 184 362 512 570 452 148 0 111 375 236 481 3 77 476 497 25 300 172 31 591 533 178 580 171 22 583 542 5 575 51 426 310 133 57 278 541 46 587 129 503 215 82 117 27 379 204 582 94 243 157 289 142 389 247 469 11 95 229 23 293 307 266 410 504 314 227 588 213 549 238 556 305 115 180 411 58 543 355 249 89 463 502 470 508 514 509 423 446 91 276 436 108 85 175 107 595 391 145 539 395 440 471 164 98 401 161 170 86 126 416 524 420 196 182 179 367 578 535 224 20 482 403 122 212 168 443 359 357 239 290 348 211 292 573 195 241 10 551 513 75 70 495 545 203 319 304 567 132 559 396 312 188 237 109 510 191 61 66 218 99 285 230 135 317 112 494 333 158 412 163 36 548 496 320 441 192 467 217 448 536 461 490 207 329 110 334 13 199 291 554 219 231 167 353 299 69 92 143 335 63 72 506 462 96 365 366 534 516 565 414 47 233 67 557 487 472 154 281 272 216 7 337 451 528 253 484 103 382 363 330 428 579
57 229 48 312 416 405 335 542 643 575 257 423 597 618 636 198 330 404 510 567 233 217 649 276 186 75 672 212 35 125 45 147 20 231 281 156 485 103 569 63 526 337 530 556 96 138 588 364 605 406 462 16 421 499 426 690 167 448 661 435 322 271 609 174 395 442 41 283 300 143 667 306 428 307 646 26 205 532 108 301 375 407 338 145 633 158 273 380 491 669 631 493 245 228 630 458 118 9 520 547 224 179 106 293 23 259 94 165 159 607 95 616 31 309 221 262 74 503 361 492 372 182 110 101 356 625 295 215 382 659 611 317 27 615 478 326 632 557 255 565 239 133 453 591 199 622 518 354 600 582 192 463 38 439 583 140 250 378 89 358 226 433 60 459 519 72 554 468 642 155 44 454 264 131 664 252 367 496 21 580 189 207 157 601 498 507 668 391 352 243 387 574 172 639 450 610 46 333 438 177 449 681 68 111 663 297 656 471 294 70 472 355 680 115 164 184 149 599 220 383 225 684 465 129 623 298 223 549 76 560 194 83 371 509 14 81 58 385 628 392 314 7 4 562 635 62 564 240 77 683 216 390 650 497 163 653 88 374 474 15 504 660 388 12 553 336 78 66 511 132 558 29 480 325 479 537 573 396 673 201 400 261 584 209 585 539 290 267 512 688 513 37 162 456 251 578 280 93 419 420 272 39 232 528 153 457 206 517 488 483 102 332 71 470 369 593 424 561 644 318 592 687 34 353 651 535 403 586 373 552 589 316 362 178 87 529 173 572 696 637 119 308 246 446 534 105 413 320 302 5 368 409 328 514 516 107 695 196 112 120 227 176 49 602 365 652 398 522 427 97 540 146 168 527 501 1 608 344 473 8 311 533 455 3 477 80 2 359 481 415 452 214 183 210 211 260 682 482 654 693 476 160 486 627 213 313 345 30 170 279 329 175 117 150 544 235 319 287 521 171 121 24 451 219 90 244 230 285 151 417 200 397 699 432 323 288 598 64 436 408 126 389 638 238 67 614 22 429 54 490 692 33 193 6 148 166 500 51 445 606 559 555 56 310 282 466 665 640 109 543 443 19 266 410 414 469 495 296 603 467 678 596 127 98 550 348 689 357 381 241 202 685 42 662 621 331 461 135 541 292 234 366 55 305 594 487 620 47 144 208 190 612 475 299 181 242 351 670 123 401 377 363 92 137 418 113 275 624 489 25 258 629 551 350 28 464 161 180 188 645 10 508 441 134 505 360 327 136 141 422 85 65 204 546 394 494 61 84 626 86 203 265 79 82 657 52 304 576 256 676 43 185 675 590 11 524 379 431 270 634 104 617 440 674 686 277 571 154 484 343 315 434 278 18 222 303 641 291 437 53 655 152 286 386 447 515 691 269 595 346 648 342 430 502 698 32 122 538 506 289 523 324 130 566 248 613 334 679 399 647 619 114 50 237 0 548 666 236 321 139 393 340 339 169 274 116 587 570 99 191 536 460 197 341 128 17 671 73 69 376 187 604 694 254 263 268 13 677 579 347 444 384 402 425 36 563 124 697 577 525 545 100 218 91 40 59 142 658 253 284 412 531 581 195 247 370 411 568 249 349
229 414 767 277 63 371 473 169 422 341 744 55 47 592 638 120 483 475 282 181 298 600 622 405 785 22 350 394 74 750 539 440 425 182 610 776 249 576 693 252 276 409 265 796 588 594 536 33 94 680 35 644 284 783 641 751 70 301 778 166 766 52 632 386 431 664 415 208 98 649 568 374 110 343 624 608 761 194 615 227 489 548 496 162 631 97 774 603 530 799 448 334 578 740 694 558 161 564 136 418 167 553 584 61 119 506 550 257 380 124 150 620 31 470 437 83 117 495 32 322 144 196 598 56 254 625 708 321 177 240 607 385 4 262 320 27 537 704 716 353 589 307 163 477 657 439 552 626 686 90 655 619 72 705 116 23 99 412 441 191 538 782 742 713 9 701 455 781 296 347 342 24 436 683 140 797 663 373 78 333 105 494 669 67 192 139 151 335 261 427 2 215 130 14 19 743 590 597 39 37 787 127 527 138 154 570 95 327 132 285 402 302 243 484 587 516 733 524 359 264 792 336 703 613 372 543 313 758 478 671 230 698 676 611 233 755 128 765 185 156 392 258 734 238 305 737 447 794 101 190 720 173 635 193 433 756 556 723 324 5 667 739 364 114 247 378 609 239 295 596 84 81 393 6 580 65 519 601 195 269 510 788 53 160 13 88 463 244 146 310 220 86 522 618 113 34 559 450 710 172 410 89 768 217 420 26 690 451 793 219 681 642 741 715 48 242 331 639 179 471 318 12 197 62 235 49 421 695 142 11 565 677 362 38 357 317 757 218 699 534 311 531 544 50 25 91 15 58 304 772 396 472 1 275 438 482 747 479 460 339 176 51 250 358 214 593 211 20 255 773 389 502 769 521 503 487 504 77 454 514 221 728 493 533 158 248 476 745 469 399 66 634 648 646 752 577 746 204 329 361 273 315 40 122 203 397 748 17 753 798 216 183 338 210 491 267 582 725 137 458 762 653 180 366 719 674 614 662 462 682 445 10 501 175 206 679 467 314 367 645 100 731 126 428 535 289 381 764 691 408 464 665 542 779 795 586 184 149 684 714 721 80 457 395 157 687 562 416 18 133 30 780 517 135 309 675 702 59 545 547 299 253 199 379 280 643 617 561 108 754 306 189 76 749 384 474 44 735 222 466 171 709 499 351 585 168 388 551 468 224 532 274 707 104 660 228 129 718 174 575 790 102 103 443 689 722 429 205 209 549 672 411 112 726 666 449 623 434 566 131 560 771 509 446 390 349 270 407 403 413 512 435 696 121 430 356 461 760 29 383 143 554 563 486 245 328 16 187 668 271 507 670 376 738 574 636 417 340 791 581 293 303 323 36 352 28 43 557 69 573 164 498 153 658 456 442 604 387 490 786 650 520 286 711 633 789 134 291 118 497 685 111 188 605 526 123 3 369 730 763 595 370 488 621 147 71 85 278 591 237 96 226 178 152 518 583 777 500 529 724 87 201 775 234 406 125 770 272 401 64 345 528 419 377 569 344 736 41 572 107 426 325 652 627 236 640 46 459 355 688 382 57 82 319 287 312 186 159 348 0 661 400 602 678 231 784 354 692 290 141 251 294 759 42 241 225 579 281 481 60 8 732 308 73 515 717 651 346 198 223 316 712 555 523 485 432 259 465 525 365 260 363 212 567 45 616 404 106 68 546 452 200 21 256 202 492 391 279 637 700 288 109 606 263 337 93 647 673 148 266 330 540 79 729 232 145 706 375 246 444 453 612 599 297 654 541 368 213 727 207 283 508 513 170 697 155 571 480 424 630 360 332 505 7 511 115 165 75 629 54 628 656 423 92 326 300 398 268 659 292
711 676 305 16 627 82 233 9 792 395 140 677 551 24 93 150 63 111 132 688 52 685 887 374 649 844 352 151 412 110 660 260 310 197 34 194 137 838 228 536 77 852 242 351 288 521 144 375 163 507 644 336 346 131 251 338 421 714 537 360 897 542 64 499 488 146 870 44 96 204 46 466 795 527 779 612 123 88 631 719 257 295 872 675 613 574 135 748 482 7 524 284 544 19 726 208 320 641 757 718 2 561 869 455 205 39 277 698 335 397 33 136 323 513 145 610 148 143 1 75 70 768 727 380 769 37 298 600 545 699 209 183 525 783 457 289 746 73 442 179 796 273 108 216 834 803 413 565 67 214 721 437 578 595 169 650 378 429 679 730 238 292 568 729 888 23 184 5 363 36 253 763 743 294 791 425 826 239 661 573 322 162 232 800 17 501 153 505 460 522 788 716 192 894 297 222 618 478 626 188 895 45 877 129 606 845 114 68 90 559 858 213 13 584 467 817 285 406 511 454 418 689 690 761 118 113 279 203 424 296 410 504 138 84 248 778 532 608 786 89 389 750 448 832 625 605 401 432 83 300 799 678 818 50 472 302 109 433 423 878 471 808 734 120 438 427 556 431 445 142 372 492 261 720 217 229 723 20 6 21 873 879 529 370 121 519 81 86 126 806 237 449 225 484 760 709 379 95 11 672 652 496 349 747 415 420 53 155 697 518 837 663 210 784 553 839 831 341 514 402 65 419 813 215 546 265 787 815 635 218 112 526 842 35 762 100 383 8 656 739 801 549 493 717 462 867 829 550 127 880 231 40 434 581 321 824 558 170 854 307 469 202 848 673 802 480 890 259 117 27 841 43 369 487 590 754 175 385 615 486 587 130 458 304 516 701 671 394 687 503 361 405 669 664 500 56 774 255 588 105 592 318 25 579 193 528 781 686 201 520 683 191 547 655 508 159 807 428 245 316 598 347 268 91 871 616 785 398 713 78 780 220 443 665 735 364 696 470 176 139 376 80 219 491 41 632 328 692 728 60 681 312 101 601 853 602 465 12 293 309 628 619 290 185 643 773 752 535 874 614 502 766 272 563 308 368 15 452 391 567 325 66 430 889 235 332 400 97 416 571 693 741 306 38 770 540 287 620 198 122 479 570 99 704 212 530 517 658 822 463 187 453 32 358 891 26 339 230 444 847 670 604 636 481 18 825 585 849 506 133 422 266 855 851 417 682 403 705 85 125 313 599 149 407 426 623 899 356 755 280 157 756 497 603 199 291 662 653 49 715 758 267 654 835 174 634 789 264 161 249 624 564 340 607 399 386 765 629 106 809 246 446 794 883 798 576 759 485 303 164 116 512 810 797 722 830 846 384 896 390 337 319 498 206 862 876 207 821 775 737 554 667 119 196 548 593 812 882 286 860 388 515 533 55 811 820 240 793 596 362 707 857 510 29 48 189 464 69 281 630 10 745 645 47 637 560 840 30 609 861 51 158 706 173 329 166 833 373 282 299 597 409 749 408 167 353 392 262 4 468 742 475 61 459 223 3 674 557 387 804 892 254 94 483 441 539 377 177 646 575 666 489 700 317 622 816 477 738 865 243 107 823 72 805 611 314 814 275 367 572 712 241 195 98 866 733 333 224 180 147 736 178 154 473 648 451 440 777 439 642 59 828 414 350 776 324 345 186 160 753 344 691 276 371 651 128 724 87 104 330 435 495 580 555 740 552 327 456 543 617 771 633 365 168 868 342 856 594 165 343 898 278 57 569 886 447 366 271 541 534 744 103 702 638 115 764 732 71 790 226 92 28 252 14 523 657 885 881 156 859 566 244 263 258 382 659 58 850 404 326 311 234 182 621 772 893 0 354 152 884 494 348 589 591 227 315 393 355 577 725 694 269 708 436 582 124 782 490 134 411 767 684 695 640 647 381 819 283 396 190 359 357 703 102 274 474 211 42 171 586 863 79 236 843 562 54 74 250 476 680 62 270 256 864 531 538 827 301 710 334 181 461 331 639 836 247 221 172 31 76 141 22 751 200 450 583 668 731 875 509
616 381 689 709 581 818 812 16 679 795 749 566 422 481 405 269 179 574 287 199 891 555 732 767 188 545 350 931 42 3 522 461 543 623 37 520 783 242 959 703 345 657 956 425 108 961 561 277 772 44 346 746 514 508 60 759 786 89 810 353 546 945 383 974 318 914 454 116 995 853 579 216 927 802 395 728 682 7 819 281 442 156 446 295 628 260 8 234 768 300 453 207 38 120 134 333 327 900 997 474 549 551 99 761 873 662 803 408 598 757 606 515 166 643 296 780 505 307 801 848 110 571 66 148 553 312 469 494 860 253 88 371 880 76 228 326 142 347 556 389 73 393 946 406 122 605 753 465 859 467 25 750 693 257 182 879 694 645 482 980 177 133 653 34 575 943 183 652 632 785 570 584 231 577 390 271 756 676 755 820 527 283 200 885 830 130 615 195 739 745 382 294 251 193 409 681 845 816 573 635 140 304 855 867 939 550 840 504 370 601 821 398 893 806 129 138 518 887 1 397 512 189 910 404 499 511 361 197 119 201 727 364 84 560 933 896 678 29 712 117 27 305 497 220 671 311 498 752 135 463 213 704 103 123 72 851 691 640 650 621 323 243 858 392 249 866 748 360 431 936 622 447 982 144 649 576 707 111 334 376 198 241 729 547 82 892 430 380 986 992 733 190 790 850 348 937 627 724 798 349 559 5 215 378 525 165 777 2 902 526 531 322 309 686 196 834 941 118 534 993 523 953 713 127 132 994 619 847 926 760 612 274 384 829 823 26 414 173 822 824 779 427 897 39 11 178 677 562 906 439 487 537 558 690 843 185 869 999 265 319 174 670 491 918 362 194 874 83 180 915 702 837 883 436 668 655 620 928 58 9 299 669 109 817 641 161 440 659 895 552 115 0 983 455 890 124 432 758 372 202 740 563 93 97 771 871 336 136 377 240 273 882 565 744 171 742 315 141 881 990 964 181 23 658 730 14 410 284 292 391 695 600 960 618 186 245 856 337 637 648 894 290 852 125 872 36 450 973 929 375 770 143 683 235 788 20 13 955 535 457 804 385 501 610 160 826 456 96 970 313 276 738 688 909 528 232 308 554 800 711 540 922 289 811 250 787 884 710 791 969 901 578 65 237 919 191 529 633 876 449 846 585 705 538 310 604 329 209 477 227 602 532 492 223 288 533 814 340 330 366 797 513 743 150 394 335 22 236 63 692 977 356 957 949 972 500 131 192 400 61 424 948 489 661 246 719 460 342 958 792 399 291 67 954 861 86 870 444 53 766 542 889 503 170 262 913 603 435 502 875 259 741 428 805 764 248 721 654 169 614 214 420 239 172 210 839 731 917 451 968 217 519 462 100 218 666 81 19 723 675 920 438 708 849 813 388 794 684 386 631 358 126 700 155 521 230 316 944 429 75 168 40 244 77 443 651 402 932 285 418 978 536 841 421 54 233 864 328 355 278 698 899 471 510 530 43 68 624 923 403 59 981 293 886 490 387 674 331 476 976 509 379 413 572 718 341 47 594 367 831 470 31 12 105 483 373 916 769 71 221 256 314 473 569 516 112 680 98 106 720 208 91 908 493 938 967 827 863 332 466 952 592 782 343 365 754 374 762 50 320 6 56 776 4 303 357 904 419 685 368 975 862 62 35 205 672 544 715 478 541 832 152 646 175 998 548 735 778 48 634 664 815 625 587 338 433 401 321 79 868 114 726 905 539 176 979 966 452 629 101 351 784 611 468 833 950 167 935 737 701 417 596 985 52 842 660 734 673 486 898 49 159 706 495 369 665 255 593 639 921 204 589 354 485 930 149 799 21 128 297 599 267 582 325 45 638 496 667 94 437 90 838 363 751 865 507 568 441 268 608 344 989 275 907 793 580 445 480 55 266 475 282 359 272 121 157 517 828 506 773 835 488 317 940 306 33 911 279 607 878 988 270 426 934 258 184 145 789 302 877 567 458 222 32 809 286 163 238 203 722 280 224 95 107 64 147 229 154 247 564 298 586 942 925 187 396 951 765 206 434 597 588 716 609 636 717 69 219 991 854 774 448 158 642 987 352 836 153 87 924 339 808 725 226 80 479 971 464 781 211 472 591 51 984 85 697 583 644 415 663 747 903 102 656 825 962 41 92 714 162 595 844 965 264 696 484 888 626 30 763 699 996 857 301 212 324 459 57 78 113 252 263 137 557 423 24 630 104 617 10 411 17 416 254 963 613 225 687 261 947 74 15 164 590 28 807 736 524 775 796 412 912 647 407 70 146 151 139 46 18
156 416 31 692 804 149 864 557 1471 1282 1080 1408 466 445 402 262 1449 274 1470 872 172 1179 1013 914 332 21 758 567 157 1457 1416 514 596 384 1121 884 895 30 1393 516 862 795 280 687 317 545 1194 1345 529 969 943 816 1222 871 695 505 160 79 908 965 391 1352 1340 1287 537 1314 493 197 36 535 543 636 1054 1094 643 184 1028 351 1034 40 607 733 475 135 1355 1318 202 106 1476 124 327 1036 154 240 58 109 792 877 541 1116 547 1146 713 1480 775 754 1326 382 359 1415 674 620 1180 1241 479 1154 1260 878 782 321 839 315 655 1372 959 443 1221 538 640 813 836 752 991 977 119 1230 173 964 1216 1262 576 289 1286 1079 1499 304 1169 718 1427 187 815 888 1213 865 898 731 1234 823 1373 174 564 271 389 595 915 857 686 684 1153 976 568 840 273 1344 1387 1484 572 252 1125 783 292 627 638 700 54 1161 1341 1140 81 441 377 772 824 1026 1006 566 580 1076 1004 1289 312 809 451 1239 297 624 617 367 1151 363 192 1328 1131 972 911 793 181 1214 739 583 668 256 944 101 851 408 789 634 381 1238 702 59 190 253 285 1043 495 726 1421 701 1150 619 291 1005 642 510 434 450 597 486 1311 1292 1106 863 244 1330 392 288 265 1119 927 388 1229 1494 200 956 755 216 622 1429 440 1257 1114 1249 319 301 364 1413 1339 981 621 199 18 1093 777 1236 110 29 1295 89 707 518 1425 1091 251 788 917 1443 902 546 1264 790 1493 766 998 906 967 746 1243 587 259 1059 347 264 993 164 657 762 834 1397 1197 1019 1463 380 65 1477 1317 1124 472 1251 1247 385 1331 1392 1 962 43 1428 236 38 650 1011 1210 689 1052 284 248 17 1127 1067 519 84 96 485 459 1147 456 120 996 667 272 683 219 69 1035 652 399 167 855 688 1164 91 919 1483 1497 75 800 1350 489 1349 460 1071 1186 765 1478 1074 901 56 1055 995 881 1101 1268 1110 414 328 447 487 590 309 233 978 37 1202 1411 208 48 1041 1159 3 1375 287 1060 1309 127 550 1075 821 1475 1369 879 343 185 323 293 1098 931 924 5 1084 1384 473 774 137 1371 1343 654 720 1455 1322 452 641 468 532 1362 511 876 1157 1335 858 1399 51 1348 664 423 237 632 28 714 1391 453 1139 1323 1044 19 235 294 848 82 1293 1118 827 610 750 963 555 1176 982 1316 1137 817 1196 779 107 1227 1237 1365 847 1490 973 53 365 552 220 1155 1498 1226 611 941 191 1046 1056 1496 1321 565 1027 379 1346 854 78 113 569 708 146 1479 759 1364 1466 501 1271 1248 395 1065 426 1465 1182 860 540 930 542 1023 544 1288 23 1464 947 278 646 1200 1069 93 103 502 298 1419 1218 628 454 885 1487 203 1033 1192 893 819 880 1431 517 1258 676 776 960 1492 1225 130 531 212 1130 1089 9 673 1053 984 497 922 427 672 504 1265 1361 249 1338 290 99 699 1030 1489 598 352 1377 1009 1144 1306 1351 11 1270 1446 1275 230 14 1000 957 1105 498 123 33 536 350 732 421 1185 194 983 41 1486 322 405 223 158 275 484 799 383 400 1174 716 188 1382 482 1007 118 764 574 15 1458 1107 1315 378 745 10 330 711 1276 846 95 47 722 512 886 266 1278 662 1113 614 645 1223 393 122 520 600 1001 605 616 703 131 1092 422 239 226 1217 1336 494 1103 1120 1183 1308 436 933 311 1162 1256 179 744 1136 1304 999 111 909 1407 1488 162 404 126 818 1279 989 348 189 401 953 168 98 601 955 829 1347 649 749 413 1298 757 1482 903 577 523 449 734 1300 825 807 508 682 355 811 770 1246 1235 374 324 850 1356 606 336 1171 428 1273 1452 1193 116 1363 769 974 539 1086 210 1420 267 68 170 286 785 658 143 1048 438 1332 725 760 8 1128 721 1418 87 424 756 398 1058 1296 603 302 1133 579 1168 1068 694 425 1442 1263 905 1319 224 1022 767 1224 1097 1444 561 1042 1424 140 139 1135 548 562 1017 629 488 499 521 506 780 105 1207 1269 1423 455 1307 1299 74 1187 527 669 623 513 791 1495 945 1447 6 320 735 1096 306 129 940 781 681 1320 1188 1047 136 316 635 1115 1285 20 826 784 61 279 928 612 954 1280 1126 1426 727 433 743 833 1087 1472 1417 198 593 665 1066 72 958 420 630 1439 591 165 894 1485 296 390 435 1167 325 1205 586 373 1360 175 217 80 602 1305 1261 730 526 57 255 534 1468 1370 133 318 1099 753 1232 490 663 439 808 370 314 386 1015 1450 1242 1367 1134 831 560 1491 926 1313 1254 1379 968 1148 397 42 659 633 1405 13 1374 1175 609 971 1403 1252 300 625 1303 1456 837 639 258 1163 738 134 889 362 1412 415 832 1244 1018 845 615 195 241 24 637 342 820 1014 268 828 803 353 354 966 810 883 608 719 483 554 430 403 556 549 193 1158 361 844 245 882 935 225 588 444 1291 276 269 842 310 478 1440 525 176 1039 76 1025 822 153 470 1032 1112 571 1406 1451 366 85 303 1108 1220 990 559 1274 128 859 411 358 32 222 918 1435 1386 835 626 52 62 232 1145 1072 939 1297 975 1190 1051 4 1414 492 1184 929 1029 951 141 794 507 910 856 761 1430 339 471 1195 736 407 771 802 180 892 796 213 295 349 465 206 464 1016 921 685 952 313 1203 1396 1302 1400 1063 1064 1129 1453 50 678 897 1312 1353 1082 73 368 651 1081 161 238 326 1191 1198 706 437 334 693 463 787 907 1109 458 1173 949 369 524 329 1445 578 1337 387 1398 1245 183 728 1277 522 1389 207 691 344 77 1357 457 961 1045 477 419 631 71 242 138 812 1228 308 345 182 340 563 474 1325 228 551 417 1010 260 331 861 1177 1057 1432 970 177 690 12 1231 121 671 916 1462 1422 849 742 1149 912 1366 1123 44 696 283 1143 476 338 1201 937 1156 1409 250 647 261 2 1385 371 1085 1212 806 1077 66 1166 1272 22 1199 25 281 1438 679 142 737 1152 448 0 1283 1208 677 887 1395 335 171 1172 45 442 1215 533 1473 1378 1102 410 1104 1038 1329 503 1073 763 913 751 648 1111 1165 1290 39 205 712 496 115 675 163 1138 934 1233 1281 1012 144 150 660 1333 873 748 227 1088 246 604 94 263 125 467 1324 891 337 709 666 333 1459 1368 1404 1376 1003 147 148 1253 102 715 1433 7 942 88 97 870 1132 1078 843 166 307 305 950 592 1334 406 1049 412 1024 67 656 480 375 553 1381 215 841 573 396 70 899 509 429 1062 997 1437 1095 938 1100 218 1259 357 1250 1410 26 1189 581 1388 108 768 904 229 1327 151 500 221 1402 1469 1481 1266 132 1460 932 896 900 618 724 1117 1390 257 1211 1436 372 63 360 866 698 214 270 723 980 920 805 159 1284 243 1358 988 1031 853 1401 528 838 747 986 704 874 710 786 92 1037 992 1434 178 979 778 201 356 558 152 49 462 100 797 741 112 1141 1206 852 584 1142 35 1061 1122 16 432 299 282 254 211 1170 1342 1461 209 481 277 599 867 740 64 1219 936 55 1160 644 90 925 1467 890 341 814 575 104 83 394 1441 1181 869 773 1204 875 515 830 409 431 946 1178 461 1021 582 1359 60 994 418 1301 1380 1474 1448 1354 1310 446 1008 234 570 1083 717 585 530 948 1240 1002 145 1267 204 346 589 1040 376 247 86 1050 1020 1255 27 117 798 653 34 680 985 491 469 801 1294 729 868 186 1209 923 987 613 46 661 1090 594 1454 697 231 114 169 705 670 1383 1070 155 1394 196
1045 1221 867 553 167 1939 835 250 663 827 133 1313 680 1112 1979 1967 1832 303 1398 1893 1352 978 1577 350 822 1256 1314 1959 1265 1029 875 864 1233 1543 880 964 21 328 1 1158 1424 1422 63 1077 1635 1140 1304 1433 325 826 1023 494 1627 1537 4 1367 640 342 1871 293 1214 52 1958 1163 245 86 191 721 919 1686 1464 706 740 200 1820 448 1064 459 786 1261 1122 1761 1094 161 1540 0 1248 715 1305 7 524 816 647 1255 910 1108 244 833 151 1412 780 517 790 1254 1714 1517 1580 444 1253 152 990 609 1402 815 1239 1057 160 1318 820 1586 1747 1723 469 784 1910 184 1930 1828 438 1977 460 1357 843 1407 364 392 690 1680 932 285 1440 1617 1961 179 1548 1654 159 1729 1182 382 1549 1578 343 497 1504 1356 1043 1472 1616 18 653 999 762 955 1769 685 929 1154 1653 1649 1757 117 1519 1408 1702 1994 661 629 958 1553 274 62 16 127 855 477 79 1989 852 1290 847 539 1273 1703 261 1227 1603 750 962 1321 271 1640 1800 308 1608 1711 1913 304 670 114 376 638 1365 223 1419 1209 422 1119 1087 1153 1100 506 434 1843 331 1861 1840 1331 1637 1611 787 1211 1851 771 1393 596 1481 1226 725 1166 580 1479 456 1042 154 116 1690 1826 1300 1652 594 369 1863 163 1985 1991 976 1001 788 854 774 1880 1709 523 965 1048 1500 1309 345 1317 61 1784 1430 870 664 840 336 425 1716 89 739 1655 500 1198 1532 1385 1451 205 1988 1521 1243 1329 14 1511 1562 1906 263 1137 1296 643 302 922 996 1883 768 1258 776 507 1974 1591 1126 1323 1507 1685 1588 1858 1876 1923 1199 866 203 1286 988 201 1423 1024 1798 574 1945 219 1458 318 974 568 374 211 95 1936 381 43 1307 1801 1399 676 462 147 1229 607 479 606 1620 1066 1478 1922 1779 632 961 362 1194 1756 1110 359 1948 491 883 1760 1416 1016 379 1969 945 1546 1219 1812 1104 777 615 130 733 1902 103 1556 1371 509 504 49 375 30 164 1105 564 1297 633 906 1493 1260 1185 1992 546 1498 1916 679 551 258 137 1825 1350 1545 1328 916 418 625 1889 309 192 1645 194 1983 1554 743 327 1668 1091 337 1669 951 1141 770 326 428 1020 1853 1225 977 1976 624 1512 311 1894 181 23 1156 561 1372 1003 1190 209 823 1531 587 646 106 1623 635 856 1885 1860 510 694 262 165 394 1150 338 559 349 1118 1650 979 412 363 1210 411 1116 1454 390 1626 1960 222 1418 1579 73 1892 1164 745 1383 296 1900 687 514 508 1734 1763 1806 746 1124 1081 1741 1184 354 642 895 1171 35 1179 1569 957 1175 1719 1459 1311 1168 1074 1643 1062 1927 1446 799 1147 1609 1030 298 586 1513 269 277 292 48 543 1641 1932 1518 1796 1572 1972 781 1704 597 518 208 1442 792 942 1093 1759 99 1420 1597 1520 1215 1917 1951 971 588 397 1795 570 272 1121 1103 409 1821 1480 550 1176 989 1492 766 810 1151 1862 1938 228 126 862 113 1818 695 1279 1212 1301 1875 1768 1633 678 1918 11 1911 421 1145 221 593 1340 82 1250 1370 1924 1502 475 282 804 782 829 946 868 778 265 1596 46 889 1542 231 1411 145 232 605 25 297 56 1006 686 324 1130 631 315 187 1394 812 88 1207 1954 1426 627 489 699 270 775 59 74 15 1834 614 528 94 1937 1614 1947 512 1097 305 1670 711 648 140 1232 1362 332 863 1785 730 1263 1557 907 938 1793 1867 796 789 742 662 1361 1592 1631 358 1955 254 1665 449 276 1953 713 860 936 748 1310 1390 180 657 933 1697 1316 1811 380 220 618 1662 689 1632 1231 577 39 1957 1483 1078 1928 940 808 50 591 530 1735 1291 1067 794 747 435 701 225 567 105 834 107 941 284 1276 759 1816 170 1595 1869 1810 58 1335 357 1648 1173 1269 1824 450 710 751 1441 1574 104 1344 1050 1523 341 1293 1155 521 1847 1715 877 1903 1813 1453 1776 1101 439 1558 396 1228 696 522 273 545 924 1794 1621 650 1388 1058 832 1135 756 1904 485 1018 20 1678 817 1099 128 281 923 538 1755 1888 935 1129 811 1646 668 1109 671 47 1809 1278 259 741 793 320 537 193 765 1289 898 1471 1842 1505 1076 1802 1995 859 453 1599 1092 584 714 1241 682 1733 495 912 1835 488 217 519 1065 1486 492 351 1036 548 33 1613 1236 1392 1749 1823 566 1366 158 54 1325 45 737 1524 344 1942 1466 195 1940 1605 1673 950 306 1571 1552 1491 592 1782 1246 1489 313 1098 1410 927 146 1975 289 1659 241 1990 1566 994 1132 1899 1341 1926 1859 465 1929 403 871 360 173 953 888 295 881 937 1417 198 1496 1663 1581 226 1539 1675 487 1561 966 182 628 1460 1559 992 934 319 1941 691 1931 78 842 728 463 813 1509 1249 1866 1262 1827 1270 1237 626 1073 112 838 1450 36 563 1639 672 939 1792 68 290 1299 959 1082 1508 440 1526 1114 92 399 1935 1693 814 673 486 1987 199 1909 65 1658 431 2 335 1624 1120 1134 1836 257 837 1612 1055 368 998 623 480 1996 892 1046 149 1332 212 1986 1625 236 731 1222 365 407 484 1000 1437 76 879 32 893 1186 1618 1671 876 1774 1872 1349 1247 240 886 769 502 129 806 1161 1431 436 1059 1413 476 1039 481 60 1123 1336 727 1587 122 604 1514 1136 1839 576 51 1830 1737 1447 503 120 698 1879 1432 1376 845 391 757 1322 1731 712 218 1159 1751 483 688 493 644 1415 858 1172 166 406 703 542 1814 8 1320 6 37 1298 666 549 474 1713 807 890 1753 1829 1338 1252 853 1677 174 1425 1510 1722 704 1281 1295 529 339 821 1378 97 659 1980 177 1146 458 1884 1651 1664 641 1606 818 1732 1848 1414 353 1683 1582 738 1584 1436 969 970 1380 251 294 1962 1002 869 169 1952 171 985 415 316 1143 1086 131 547 66 90 1644 752 135 1079 1914 1004 1682 442 389 102 903 1538 830 224 534 153 1765 1522 1051 914 665 141 1117 1728 825 467 1946 1257 395 1056 1601 1819 27 1439 28 1152 1337 1177 239 1272 1421 677 268 1968 899 619 1285 1267 356 5 84 1448 516 1807 1488 1534 1080 1934 897 1204 1031 144 1205 1676 1563 1012 947 569 473 1306 1897 1063 692 9 531 445 1600 1035 1040 1891 1567 1717 77 1053 288 1358 918 1873 1021 1083 1497 1943 1628 908 1984 1535 91 1771 464 896 419 83 1180 227 119 249 417 1342 732 846 333 13 278 891 408 598 1907 667 1971 22 556 1068 581 571 515 1758 1443 115 1850 1133 905 1234 579 527 1283 917 452 1745 1197 560 505 1382 779 266 1998 608 1846 1791 243 1395 1069 693 402 1347 454 1187 926 1912 552 10 1684 1856 1695 1071 185 987 1921 279 482 385 1799 501 1353 1025 1844 1594 1837 371 1088 416 17 1607 405 1710 630 708 214 726 1359 1277 1400 1700 1868 720 684 1499 246 719 1343 1692 656 754 1220 26 669 189 1355 1560 601 1373 1274 384 772 952 80 1102 70 301 1773 1476 1435 744 1787 498 536 849 555 1874 911 954 233 388 1698 361 437 1026 984 235 314 373 1593 1047 1944 554 1027 1095 1034 980 19 234 1008 98 1106 1750 455 34 1743 928 1128 1590 1169 346 109 1742 1075 1178 322 1427 323 1409 1167 1406 1864 1303 215 1268 441 1870 599 1369 1028 1619 589 496 572 718 1049 176 1315 1708 562 1364 38 1615 347 1203 1598 1901 1327 904 831 1956 1687 540 1333 1898 53 202 1386 1060 760 873 707 111 1245 186 1973 1264 1288 982 575 943 1805 1474 260 1244 1788 981 1463 44 1638 1127 1920 1865 1887 844 655 1013 110 1312 40 433 401 948 398 1555 921 1878 1005 773 1544 683 1200 1189 1462 797 366 207 1038 1174 1084 986 1666 413 1647 1230 1506 1345 1781 1208 1997 1919 1201 238 1019 681 1041 533 526 248 583 1950 1308 1138 387 490 1216 1139 178 763 785 1629 1575 1503 660 734 1689 1196 824 1044 1037 252 1011 1054 96 1033 1360 651 983 216 1032 809 902 1701 420 1789 1970 280 1855 75 1475 1238 255 499 24 1193 1089 123 1326 1610 393 585 1636 865 1738 1845 1890 1725 764 520 256 1657 1223 1661 819 1007 783 1736 836 352 466 1905 1964 471 370 1815 582 267 188 1461 909 1162 1445 400 1895 803 1213 723 1266 975 1516 377 414 386 1667 1570 1564 134 1010 125 1688 901 29 636 1896 430 1477 735 340 136 805 1428 1224 1455 426 617 230 544 1457 839 637 12 197 828 1438 920 997 1882 1660 1881 1072 300 72 674 645 755 513 1157 557 461 148 291 1780 612 429 1183 925 1550 472 312 1482 1444 541 1401 995 330 949 1854 753 722 1487 1397 802 1999 1470 1739 334 1573 264 1696 299 1797 210 410 1014 1389 600 960 795 1841 1452 1287 1375 1770 118 1206 610 709 1368 206 1536 841 874 761 878 3 791 1217 175 229 1218 1767 1107 64 1691 1724 427 931 443 1718 1726 1275 1822 1280 57 915 1468 697 478 348 1764 69 573 1148 1191 457 1405 1982 1494 1707 237 1740 87 590 423 329 1096 1547 1449 1527 1949 1181 1565 1630 287 1752 55 321 1585 705 1748 1679 658 108 532 204 121 1354 1778 1017 1908 1251 1528 1348 850 944 1330 884 1015 511 595 1766 138 1634 1849 81 1721 1730 1384 622 150 1533 963 468 1744 565 283 1966 1808 1339 758 1113 196 1131 1192 1292 1284 1484 432 447 717 729 1712 451 1456 900 716 41 1235 1720 621 652 367 1583 355 1551 190 1817 1727 1473 973 885 968 649 1576 930 1485 702 1705 894 639 372 1202 101 1602 1142 253 156 93 139 1363 700 1786 275 1351 1282 1833 1656 993 1465 851 1886 620 616 307 800 242 1396 1469 67 602 310 286 736 1374 1515 1115 1804 1259 1529 1933 183 446 1149 42 1324 1790 1775 1963 1377 142 1915 1706 749 535 1403 801 247 1052 972 1242 1589 71 1467 100 1925 1379 1965 848 1070 155 1009 857 1501 1762 913 1530 1240 383 1346 1746 1495 798 1642 143 578 1294 31 317 654 887 1541 1877 525 1165 956 1772 1404 378 1674 558 1429 1144 1777 1125 872 1061 424 1319 1271 1387 1857 882 611 724 861 675 1978 1783 1490 1334 1111 1022 1803 168 172 634 1302 1754 1672 1434 1604 1160 967 1681 213 124 1831 1694 404 1085 132 767 1188 1699 1993 1852 613 470 1195 157 1981 991 1381 1525 1090 1838 1391 603 1170 85 1568 162 1622
2395 237 270 1601 1164 953 1401 448 1938 1409 668 1557 634 2250 2156 149 1587 3 438 1388 2351 2270 1627 101 1389 2240 2337 1198 306 1429 510 2304 196 283 2142 1811 2117 169 614 242 100 1462 1826 937 249 390 762 1957 1520 2281 1126 1763 2378 1960 145 1308 141 1629 81 19 1463 936 221 1929 655 2247 1180 592 2323 2157 440 572 1792 2123 1117 1491 1511 2383 1784 1577 344 1072 260 2163 1503 1101 999 1894 1984 1078 1311 180 78 2266 2258 290 339 1266 653 761 623 1436 836 929 868 1796 1594 491 1873 1982 2073 2212 833 2112 1036 285 1294 1540 2111 1469 1263 2010 1044 1758 357 1853 437 1694 1281 1676 1966 422 312 2161 2365 1703 1866 569 1913 1200 864 557 707 2278 1241 1656 839 1279 573 1918 609 1637 2063 2089 1317 1063 2449 2403 2172 1671 916 892 576 798 37 1 1015 958 1536 765 79 1931 1854 1579 901 1844 274 2102 297 1816 1977 593 362 2090 1999 1076 1668 353 1011 2069 1963 664 226 717 1820 1840 1458 2107 375 1153 2482 968 2379 2071 1406 2085 2187 271 1125 41 1986 347 616 2341 1334 816 536 1459 812 2138 2434 1771 2307 1679 2263 1884 1992 244 138 2296 1874 1662 1193 834 2003 1288 1121 772 819 820 2195 1000 1975 1248 2253 194 1483 1700 813 1433 124 1632 1151 1305 1535 147 1930 2104 1319 1836 1821 1509 2430 166 1551 2231 982 1439 1162 1471 1192 1978 1320 735 500 1762 140 1639 2082 917 1344 2479 829 1976 72 1174 760 417 2108 486 1970 881 1729 783 2016 949 2137 1219 2183 349 1012 894 558 160 388 423 951 2261 2 2237 2088 919 697 1954 1888 1501 564 2050 666 320 1188 121 780 913 1490 1486 1711 1361 2305 1995 2119 905 2079 1499 186 1628 1292 27 117 2298 1114 1847 1369 2025 332 1247 1224 280 563 2000 182 2068 119 512 1810 1808 1630 673 1019 383 1139 984 198 58 2064 2294 2499 299 2040 643 606 1856 952 2460 794 1346 96 340 2485 527 1376 1588 630 1420 103 1170 1364 966 998 695 241 976 479 1042 908 822 1455 1665 622 1049 2372 1488 162 1815 795 110 1827 530 2476 1697 969 1649 184 225 1340 2303 304 977 2440 781 1864 792 1877 197 310 543 1040 1589 492 92 1573 54 1066 115 89 1642 2423 474 1092 1961 871 2473 1109 1514 585 2446 1377 204 2377 352 1781 57 405 1505 2344 15 2490 2190 533 973 830 925 1922 126 2005 2426 515 217 1336 1136 1732 1690 989 2166 66 704 659 1374 1100 1616 18 1962 2139 1080 649 804 1768 409 549 193 116 896 2249 2489 1869 1267 690 1029 476 1606 1613 1295 505 302 1061 1081 2196 207 1889 1714 1987 1234 1323 99 2309 434 1450 247 111 1291 1268 2480 345 432 1951 1561 499 2320 2167 9 1006 849 1358 411 1750 243 2325 2039 774 45 1325 1251 368 2116 1400 2118 1321 1599 286 746 2224 1744 98 1871 269 2203 1313 2227 1088 202 187 1585 587 1759 516 1701 924 1413 1813 453 1087 393 2205 2002 2466 1764 612 2143 427 528 364 1522 1082 663 229 1326 1283 1449 484 55 2465 354 1590 1925 2301 1901 1576 1719 683 2229 2127 281 702 1238 1416 2051 1372 2283 2242 296 1257 1172 181 1381 2349 845 457 846 2248 991 2165 1812 2265 887 2239 826 1025 1822 1260 2154 1310 1252 1553 1244 2367 1379 1698 236 636 2141 910 109 2295 2370 696 1544 1083 942 1332 1230 1747 445 2338 1411 2284 2461 1150 2219 2158 309 2098 2293 1787 170 382 1497 1880 509 1301 358 471 2288 1958 611 367 2126 13 1414 1855 155 2290 481 978 2404 360 2418 373 275 1194 435 1456 1303 449 1392 1737 1655 501 1068 1670 759 930 2081 1222 1644 1833 2173 519 1160 2070 2436 2342 888 1213 827 2153 1331 1675 1537 1926 1605 946 1351 1718 2209 1712 1653 1060 2232 681 4 539 303 1108 1387 342 2184 1686 1658 179 1740 64 691 507 534 2447 258 1663 1138 972 676 1069 219 2148 1523 2329 1903 2026 239 133 565 1733 2469 1255 2495 613 1725 970 529 455 2149 407 1240 1502 1794 647 2267 2193 1004 1807 2277 2402 1339 1789 1964 1113 1695 879 1254 257 394 1831 1624 327 1480 862 1919 251 319 818 660 2363 1614 2280 778 139 1722 1515 1586 1507 680 396 2238 1745 2484 776 2124 1891 1204 796 59 276 2420 1056 1620 1337 1743 477 1791 1091 538 817 1609 97 1846 233 392 337 2456 1493 1047 294 379 720 848 1596 787 1186 1225 328 1692 178 724 2215 2427 607 395 2315 1761 700 554 441 806 403 1239 2451 642 361 213 1167 127 356 1492 1699 835 311 2185 810 2164 1396 1802 200 88 50 1190 1375 1270 1801 7 1818 1098 2457 726 911 899 1838 378 741 1297 2357 1959 1441 1341 2235 2385 1318 428 1023 113 841 640 895 1687 63 1202 1623 865 38 504 65 1554 2022 1154 2252 324 1946 272 793 2335 215 1046 265 1119 2246 1243 2115 2429 2110 2121 1760 1324 1603 1769 1329 1018 1178 1689 452 2415 1568 872 2386 132 289 2222 2061 547 120 1054 646 308 1604 729 1868 461 503 161 348 854 1861 980 376 703 483 1152 2194 931 1798 2299 489 1850 1405 1460 2012 739 2150 1478 764 74 840 1287 821 1028 6 2286 1472 165 1338 791 2014 2322 601 301 1307 1845 300 1422 2223 2043 1430 2373 2009 2192 893 322 2364 414 2260 2225 1517 742 433 1647 2054 1253 1235 2475 1865 985 401 1709 2439 1475 1828 1065 1017 975 1935 890 2188 1404 1597 1610 210 1289 580 1073 1519 877 1428 43 2094 1667 2321 205 1539 1622 159 335 298 2256 2397 1713 730 1619 1748 1276 1315 106 2038 331 861 460 1932 1989 1618 172 2374 107 1965 656 1805 719 1415 2243 1556 1177 174 603 70 1657 678 2448 2483 1051 24 1785 915 2331 35 2468 2244 2199 1550 1402 450 2354 1086 1862 1067 1955 464 1474 2084 2416 1077 1997 439 2419 844 875 1131 1799 577 1564 240 377 2424 769 2128 397 568 610 1373 1674 1359 1691 1166 2360 986 1135 2264 2207 995 381 943 469 1182 2406 1195 0 948 1366 997 1062 2086 334 938 799 267 712 1306 1290 2170 1096 2444 421 757 1504 2369 2414 2327 2083 1555 1538 1175 2052 384 2289 1823 2134 679 2438 1435 1949 1333 1911 618 2017 1971 2217 2314 2144 1541 1669 1886 1482 1024 313 1039 639 1249 385 1533 1941 1602 11 2348 487 1363 2135 430 1990 230 1824 188 185 1394 318 2182 1489 2176 1512 1839 163 1110 1105 722 2092 1218 1033 2042 1980 600 2368 2241 30 988 2352 1330 2269 1546 1710 2333 2147 151 1912 922 955 1124 1262 1883 473 598 926 2113 2396 1780 2053 2459 1592 1631 907 638 2178 23 542 2340 1860 343 832 288 1917 21 684 2228 150 1360 459 1872 1285 1314 1485 1532 1814 805 721 1531 214 566 506 552 914 508 1128 2471 2358 738 2077 130 1312 1212 1176 480 992 513 1425 1937 546 1464 1685 1625 80 2234 416 1030 581 295 1528 2145 1302 400 651 815 134 389 56 1506 1666 467 1887 1479 1347 716 1819 1898 227 631 745 1129 1296 1385 579 1217 1549 556 767 723 733 350 203 705 69 1863 2175 291 2413 131 710 1140 1008 786 2122 1777 1378 1752 17 1001 2259 617 75 1562 2450 2356 1048 1950 1443 1724 1635 1525 1928 2326 2020 1529 800 2006 1058 1991 425 545 1163 341 420 2330 2001 1638 102 2255 779 1809 1055 224 2021 444 584 987 575 604 1094 143 632 462 823 1002 2398 2177 1849 1185 470 157 2313 521 2095 718 1122 16 2062 1571 1107 284 1038 268 404 1943 1022 1434 994 1466 2463 2099 2339 1246 2425 2155 671 2390 662 1278 369 650 495 2310 803 2213 1090 811 1390 1521 1103 626 12 1353 2462 675 1221 522 317 2421 2075 1146 857 1309 933 386 979 1575 698 1144 661 2055 2130 62 1304 235 2472 1684 2059 693 2029 1349 248 713 2230 292 1572 1717 175 1921 701 1786 2048 146 1806 620 2257 1227 737 2160 1367 1634 789 2131 468 2442 1231 2474 315 2181 408 177 838 28 2152 2044 2007 1070 2179 1181 1473 1079 307 1661 863 1442 960 42 1518 1841 641 2066 2437 597 2496 114 263 2169 454 1273 918 1979 959 443 2046 1654 1440 1641 1621 2486 1945 195 262 1902 2204 1199 1526 1335 1560 897 2312 2302 2271 1757 1099 255 1720 1848 1707 1581 1034 932 1407 2409 2353 1778 48 2208 1274 1726 1900 873 22 658 94 708 1677 208 699 983 2487 1454 2168 1772 2220 744 2004 1723 570 1116 2047 1852 645 624 223 935 1837 105 2291 1524 1137 85 2093 391 1773 1233 73 2361 1207 2105 2287 380 2453 458 52 190 1299 947 589 802 731 1567 412 1355 941 2120 2262 2218 1651 1741 884 1236 293 889 1362 2159 246 728 1857 1973 1053 232 2279 921 1882 635 1942 485 824 1496 1754 657 876 1003 1830 2129 669 2200 2056 1985 1130 402 1187 365 1751 648 1494 1165 2072 2431 1904 125 305 218 903 2422 1191 1875 870 808 1043 1895 1498 123 2171 1881 1269 2375 801 1380 1210 1205 2274 1967 1704 2308 61 1284 962 688 1927 1731 2114 2033 1765 602 2136 1702 763 1327 1495 1272 2031 2443 788 2027 1916 1484 1578 2109 374 2347 1453 727 1730 1636 1143 1196 71 1907 961 1085 1371 387 555 1993 790 1851 1412 923 108 625 2467 644 1650 750 2454 706 2140 1565 809 1574 1316 1158 1120 2037 2350 1115 944 189 1893 1016 1432 1354 1580 1111 167 2162 567 1127 1223 714 874 2435 2067 964 1569 1944 2297 1600 1968 431 1102 1878 277 909 689 1245 1885 773 1232 1395 1660 2366 867 222 418 254 2317 1767 2245 231 2226 478 1014 615 1870 1179 1817 1583 250 963 1142 1640 424 1593 1766 1899 1608 2445 1197 2345 956 1646 1438 1843 1133 2399 1678 429 1800 548 1201 1890 490 2452 1220 1516 1445 2078 2041 869 95 1444 2101 1145 326 1155 965 523 2032 2492 2428 1184 665 261 363 90 83 2394 1617 2432 2024 694 807 238 1788 1825 920 518 957 900 1419 2477 1037 1350 1084 1559 2292 372 1026 2410 2455 371 1343 784 608 758 2334 1739 1147 858 886 2306 129 1035 751 736 541 945 740 1500 29 1345 1790 1611 1020 2125 398 488 1775 2412 1214 891 715 1007 1277 605 629 212 1148 1615 168 1633 2216 1093 2254 1183 934 494 2336 1009 940 173 406 1645 256 32 2151 252 137 273 771 1071 1994 1879 1132 687 2045 1161 1595 47 2362 1910 856 31 2407 2191 1530 1264 1226 164 211 996 1298 502 1446 2391 1835 336 2273 2276 1936 206 692 1783 2478 1171 1953 1393 1612 594 442 1552 2441 1286 1547 1508 2065 777 34 118 104 1735 526 49 883 2464 40 1534 154 1948 465 1681 1477 1563 2400 2470 2097 2300 278 1939 1027 1680 1721 1705 532 1643 355 2186 2011 1923 1293 2146 264 253 2018 550 2498 1659 2343 1271 1897 1032 1470 2494 2030 621 1384 855 981 60 734 26 39 2355 2106 220 880 1106 2049 562 2433 1382 748 1437 1168 158 1052 2074 677 2058 1356 898 1682 415 770 1476 1974 825 1934 1010 540 1457 1189 850 990 1451 287 20 599 853 591 1095 1906 1996 192 511 2493 670 1383 2380 782 1842 747 1607 2405 447 1829 1013 323 756 2324 171 1050 426 128 544 2236 2206 1265 1543 2013 1892 950 842 1370 1156 1447 399 1648 912 1688 366 1749 1250 1104 2198 1206 1972 859 8 1005 1933 1031 1057 1021 2103 1770 2387 144 1708 1652 561 1734 2316 1969 928 1461 2087 76 419 1157 882 498 68 775 2318 1211 847 2100 1558 1282 2211 1397 1259 537 314 588 1753 1242 743 2488 1357 685 520 1738 53 596 325 1673 2210 475 1041 1545 1924 1664 1591 768 183 329 266 1481 2491 906 451 176 156 67 1793 637 1322 1908 1920 1706 1998 2080 628 2023 2388 1256 1149 14 654 1779 885 333 1216 927 1746 2346 595 851 1795 321 852 878 351 93 709 828 967 1365 136 1782 524 1727 2201 112 1755 993 1237 1059 1896 2497 148 1715 1981 338 1112 954 216 939 1566 2197 2028 752 1403 1693 1774 2319 1672 1542 1398 590 843 330 199 2019 84 5 316 860 2376 142 1510 446 1342 753 582 482 2382 902 2359 2036 831 1134 667 413 1141 1118 1229 732 1123 1983 1947 1075 814 682 2268 904 837 2393 122 652 153 1867 583 619 674 1208 1410 1834 2076 1089 2189 1300 1427 245 10 1045 2311 370 2411 436 135 578 493 2381 686 1391 1421 2214 1468 571 2282 2174 1064 2328 1909 1756 2133 1275 1776 1832 77 1956 755 1280 1159 2371 1487 1352 1209 2285 1598 514 1952 1915 1097 2091 1716 1803 2008 234 497 1570 711 152 754 259 279 627 44 25 1940 496 1467 2057 82 525 2481 1424 2035 2233 1258 2408 1203 1431 1584 1728 2096 472 1417 1426 1074 2034 766 2251 1386 1513 33 1215 749 1348 51 1858 785 531 201 36 87 1742 574 2392 1626 86 1368 91 866 346 1876 191 1169 2202 974 463 971 1423 209 535 2389 466 2384 586 2132 282 2332 1448 553 1173 1527 1914 1465 1408 410 517 1804 2060 1452 2417 2275 1797 1399 1736 1548 1582 2272 2221 1905 633 1418 560 359 672 725 456 1261 797 46 1859 228 1988 559 2180 2401 1696 2015 1683 1228 551 1328 2458
138 2341 1581 1522 1697 2576 2738 676 2407 2259 1265 841 2948 1977 690 1361 172 2370 2698 1900 1966 2642 727 591 2353 682 1906 1401 901 2429 213 1669 2111 799 830 301 2958 452 312 776 271 1757 448 1803 1386 1075 1794 414 351 1715 1584 1059 1682 947 268 1407 2484 732 2712 1281 441 1447 831 1295 1849 1558 20 1287 868 739 403 718 34 1938 1362 1657 2719 1850 2339 321 365 2638 975 1468 1370 696 1597 1046 1875 2617 1110 1985 2630 2924 2829 2993 656 874 2859 2764 1303 949 2511 374 2569 595 1846 366 1134 1121 545 715 2941 2614 393 2064 1821 569 1631 1092 599 2520 1555 215 2641 2929 2404 2793 2813 1 80 634 789 2222 753 784 2610 1268 2604 2561 2488 585 176 2905 2839 695 115 1742 1480 17 1420 224 2535 1241 1180 460 91 542 2838 1112 1564 1621 317 2854 2616 1385 2654 2944 1674 1240 2530 253 285 221 782 2902 1318 2060 101 2351 1701 2848 2789 583 1333 2894 2181 1675 2787 61 605 398 948 2538 1416 1008 2919 1611 1954 1230 173 630 2908 1445 2224 2244 2529 1626 2391 1955 1067 193 2505 49 2036 546 350 231 203 813 1903 1907 1341 2611 353 1499 1277 2293 1051 1852 1547 563 1640 1392 988 1759 93 879 2869 2232 773 2584 2104 1930 1760 290 2750 604 1594 1128 281 1957 2991 47 671 2155 2101 2606 1733 869 1412 1888 2384 1810 1084 2235 2541 267 212 333 1698 1774 2524 660 373 1322 628 243 855 1667 689 1664 1107 834 2003 1603 744 2860 1765 2989 2336 439 558 2227 1680 802 1645 2959 1345 1246 928 1942 1488 2945 1575 2052 304 1952 2167 487 32 1661 2024 194 983 2987 2065 1962 2153 2903 2920 1279 1534 2950 1551 2131 1160 1313 368 2735 2647 1193 2123 2291 2148 419 2020 645 822 1130 38 2557 1691 1025 2322 2159 1418 1979 2664 617 250 382 1196 1893 1546 1944 331 2361 1443 2086 1334 2311 1176 2315 235 1951 954 314 588 1467 2103 1902 518 2559 2173 1658 326 1523 1843 897 2713 1172 596 594 273 2868 2726 189 2737 151 1494 2280 2098 1002 81 1916 2456 755 2598 2977 2261 1610 2326 2980 713 1321 774 825 265 1579 1380 1430 1331 166 1223 2127 1332 1923 1516 1848 2460 1968 1019 1924 2198 2613 337 1677 208 2720 578 1744 513 995 1219 2399 436 1308 738 1700 1061 1999 967 2933 2475 53 155 1929 534 2041 2578 673 2019 804 2220 2772 926 1940 1825 44 225 184 2883 2621 474 1325 757 1618 737 882 168 2125 1716 593 1220 2825 1598 1668 900 457 1946 2396 559 1772 1596 2312 507 148 2300 2337 356 1908 725 895 2271 2330 182 2383 2016 2124 2161 2526 2686 433 1509 1901 953 664 688 580 1454 2001 918 2634 1367 1943 2328 2705 529 2392 332 843 1743 2563 708 2058 1275 1576 548 508 1713 2188 376 2061 1982 2743 1127 1751 1365 139 1151 425 701 1857 2673 541 445 2931 1936 2342 2141 1665 389 2904 1831 1599 1910 1156 2150 1209 2218 2814 1876 980 37 2588 2536 2567 427 1804 60 472 384 2422 23 2683 2898 2996 940 1484 796 2881 1338 1399 1323 1427 2865 84 1448 1832 2081 1122 2251 2114 1994 504 1807 2031 205 1898 1474 2880 2474 2040 832 2117 2376 1845 800 395 187 2028 2619 2033 865 2994 2934 2450 276 1316 1829 450 1145 232 1053 1470 1830 642 1797 2682 2498 2480 2562 146 665 684 2240 702 1673 1205 2069 2025 615 2927 2035 1078 1739 1780 378 277 428 2327 251 2730 2564 1289 1464 2890 1251 2194 2688 1882 1272 2961 2476 657 2078 2751 603 404 925 2816 1723 1798 431 687 2252 2852 1973 1777 2088 2416 1868 2454 2599 500 2051 342 2479 1102 1912 2870 1766 2674 1224 943 1045 1184 2757 120 2537 2320 1703 2962 862 1586 1507 706 2560 369 2381 1544 2623 2207 2068 2216 2492 36 2263 1787 170 2964 2179 2947 2841 911 1789 254 152 1479 2011 2462 2605 2496 2593 1828 2486 2857 790 1463 2728 85 2187 1607 1627 2717 1971 2583 1890 2650 2171 2618 1022 63 1320 135 917 1969 891 2548 1663 1138 348 220 1155 1498 1549 1585 2608 2624 335 859 372 2380 2632 2160 762 5 1920 73 539 1435 2514 2217 971 1080 785 2863 421 974 2587 233 544 361 2824 2960 932 2656 1577 1844 524 2075 711 1801 979 2316 2622 45 786 780 2595 853 31 899 550 1476 2266 328 1704 159 714 1838 2871 2360 1403 620 2037 2254 1183 913 906 1245 1168 523 2140 46 2169 1236 217 175 2415 2455 494 2338 2091 1307 528 506 297 1091 1538 1144 1222 418 2279 199 562 178 2554 730 1340 2042 2693 2367 239 693 109 2968 1773 214 341 125 2755 2122 2306 654 1343 2149 997 1880 318 2458 1686 1058 1296 1886 2387 67 2469 1948 838 1031 2534 2162 568 313 2433 1569 769 1562 1243 1247 2245 1373 1746 1495 2721 2565 1530 1191 1802 1885 1758 2439 2752 537 2826 1335 680 2463 2012 1881 2965 371 2952 2895 424 201 498 1070 103 1950 1548 82 1125 2211 2790 722 2363 826 2525 788 2823 531 1983 447 2504 330 812 1638 96 1961 1252 2817 1827 1624 2487 2369 2523 1087 1232 937 2685 2007 2206 2807 1213 888 1012 2733 2822 1805 1047 1056 1382 402 2620 2126 589 1452 1917 959 307 2473 2174 2195 1945 1076 2594 1612 129 1054 606 1177 180 1280 216 2539 274 35 601 2301 1706 2600 2512 1600 2297 25 1229 2493 1928 360 2372 1762 2769 1104 880 347 1727 1431 602 278 1170 2909 2018 432 2949 413 2699 560 1737 90 2314 1048 1643 2736 174 1003 815 1628 511 705 444 2553 2379 1609 1889 1206 2896 2856 2094 1405 405 2521 30 672 2057 381 1089 492 2355 367 2374 1515 401 340 1815 2371 2461 2377 771 118 2467 2445 1800 641 229 237 1619 2591 2095 1387 1192 1471 1101 1806 2779 2723 610 68 263 1694 2483 2393 2963 2643 2385 532 2184 1360 1861 1477 65 2716 1371 2096 2844 375 2652 1641 1398 1956 1140 710 1769 1147 334 640 2105 904 264 1336 1129 1141 121 910 1433 2308 2884 2748 2295 1057 2119 819 2233 1149 736 1198 768 1763 300 2506 1642 1894 501 2862 1113 795 1513 984 1250 134 1556 1253 1856 554 2168 1909 48 2116 411 1858 349 1394 1120 966 810 13 327 996 2754 915 483 1526 354 352 2166 386 2241 2180 2062 2974 2740 2648 74 177 2146 456 2 1761 1836 723 2255 1650 242 793 1378 2975 2990 1606 707 2143 324 2689 2725 618 104 2954 2382 1437 2759 1741 1453 2694 2471 2573 2982 2778 1510 2976 907 677 887 2770 2352 1589 1369 388 2626 840 2513 1060 1933 1150 2017 2893 2957 564 200 1620 1065 1486 292 2668 272 270 1301 2176 669 2836 2978 861 679 2503 1941 1077 1029 1375 1654 2546 2678 1097 893 2692 886 132 2138 463 787 323 1337 821 1795 107 927 1851 1028 2655 144 2477 1681 890 842 1475 2677 2403 1406 2071 1722 1462 2897 2234 1034 1767 609 2406 490 1873 512 629 131 703 408 21 1035 2640 2366 1424 247 2332 2302 75 2742 798 1254 1379 2444 2791 1442 1052 1179 1013 1655 2612 2907 230 1055 2806 211 652 2596 14 97 646 79 2849 1353 400 666 1718 636 260 674 1415 985 2205 2533 2566 1269 963 750 1350 489 2659 801 2423 1855 412 565 255 1557 1221 223 624 2635 1563 1892 2727 1237 1796 2830 1818 1865 2900 2151 2833 1712 2260 8 2221 2015 2067 2758 1695 998 1487 2421 2649 2809 2158 731 465 1417 2192 2256 575 186 746 2238 2334 1114 2749 1793 1225 1934 743 2508 2792 566 837 1197 2828 1074 1784 1434 1678 2055 2323 2843 936 1326 1540 2992 1282 1922 2943 2073 466 179 2265 2408 1580 942 94 1450 1304 2120 2310 2410 364 2845 2777 922 302 1864 2434 686 2191 1090 1808 1839 2163 2939 2653 1148 509 699 2704 781 1093 515 1791 241 195 2695 2589 1602 2022 2922 691 1044 820 319 1652 2794 1389 1372 2835 1904 2988 430 127 1157 1126 1166 320 6 2228 2397 2451 2321 1017 1726 11 2580 649 158 1026 2885 2911 1083 2942 1745 2502 2795 797 2906 1771 1953 1393 2771 315 1593 2926 2707 2665 1699 2186 670 259 2805 742 1659 1190 1837 2414 426 2711 849 870 308 2264 885 2200 1683 1707 1348 1782 692 1978 1935 1975 1384 1812 1161 2213 1069 964 2139 2043 930 1860 1684 2718 1639 140 1015 1152 2044 2236 613 1964 1897 1605 1207 1094 1491 1511 1976 305 1039 2765 675 1616 1136 108 873 1959 2540 1783 154 71 2946 2937 1317 181 1524 637 1493 505 9 1006 2701 83 2053 1738 1879 28 1685 1441 1033 704 946 469 2582 2047 95 846 2009 2182 1357 733 607 112 526 951 1231 303 2201 15 2644 1633 1770 2494 1644 2459 41 2986 2951 12 653 827 2270 2290 2481 2781 712 1854 2579 1432 2918 2215 632 1592 2489 600 100 1817 1883 1354 622 945 1239 1457 2109 1071 2268 1444 2670 612 1062 16 2731 2079 2170 2966 1297 1724 1561 1747 1842 2544 1877 2152 1853 2027 1187 1396 2299 2776 2292 2697 1466 422 2230 2753 415 147 1455 1235 717 1820 1381 1671 709 611 914 1630 986 228 2085 1740 2356 2107 1271 2938 2441 2603 935 778 1527 1937 991 1356 1137 1049 577 2732 258 2510 111 1428 338 1601 1422 2210 2056 685 62 1872 2209 1931 1171 284 1411 2568 1103 2709 1749 1866 2687 1970 1263 1729 2858 406 128 2663 2331 1646 1023 2440 423 1710 2912 1648 2013 898 2090 2636 2551 2832 1637 2671 1987 2014 1390 724 192 1131 1261 818 809 1438 2347 150 2879 1459 1790 1096 188 1545 440 2928 2246 246 2464 1327 1228 2661 336 1011 1824 850 2703 1366 1202 1182 2633 720 379 2846 794 1195 2249 1573 1082 169 1614 2110 1788 1981 1446 1305 87 163 863 1497 573 2690 2715 98 754 256 2435 343 1689 1496 86 1862 51 1358 2231 2278 2165 2373 2405 2177 293 222 26 2319 1997 1553 1208 516 2729 968 114 2157 294 481 325 2607 358 1840 249 2449 1660 2390 50 2133 2048 2646 807 1292 540 960 627 1249 1079 1217 2803 1004 2888 2175 363 446 965 156 1368 2691 1037 1175 990 2059 2074 557 2317 2788 2137 2004 2637 1651 2147 209 2203 269 2669 1792 1859 2144 2453 1568 1388 1608 2998 2100 2388 1005 1887 479 2714 493 210 2277 2274 2973 608 1185 1105 99 759 279 491 952 2185 659 811 355 1143 19 2491 1216 1262 54 2417 1719 2457 1042 549 475 136 1451 1146 1458 2873 467 543 1186 1711 2132 1119 2892 2142 1311 1489 2447 1226 2710 157 567 1391 643 852 499 1895 43 69 219 1992 1363 3 362 631 2267 64 1115 635 2034 808 1688 261 266 1998 1200 380 106 1400 1302 2190 1559 252 2528 1309 824 2819 1483 919 726 955 2243 2834 2072 2956 383 1819 2675 1921 1753 2113 2658 1201 1786 2700 10 1714 2953 2527 2248 956 1730 2136 867 2262 1841 1162 2522 847 70 770 2438 392 442 1164 1591 981 590 2424 1402 359 2346 1383 2629 1064 1696 1081 978 1421 2214 933 530 2967 728 661 202 244 1364 2552 2437 884 164 2867 1032 470 311 390 296 2842 1020 1133 2545 2676 2762 2997 2276 1100 1040 1351 171 2590 52 357 2507 434 683 2354 1687 1588 1355 2801 1339 2289 2258 2038 2767 1257 1124 2746 1512 1030 417 625 482 1905 1347 454 1517 2089 905 2357 2940 982 2046 902 1283 0 520 185 1260 2324 1456 289 1481 2766 2199 1492 829 1425 1273 2418 972 1306 2275 994 721 2350 2549 409 805 2247 162 871 2427 1007 191 941 2269 1328 2543 1814 1813 814 72 257 2796 2296 510 1472 1291 697 2118 749 1775 2070 2782 1653 39 1290 416 2657 190 1519 377 240 889 429 2886 1939 2325 1925 2273 1259 283 2307 1996 2853 1574 2092 1972 2242 2443 1473 1465 1181 1329 1014 851 78 113 860 650 1139 2855 1785 2882 2516 921 1482 1731 2625 2680 1027 1043 1531 280 1409 1163 2128 2741 772 464 1505 2303 939 2026 2936 4 1613 938 2923 923 478 1764 2784 1038 571 2899 970 2225 1571 1781 1656 183 2745 2628 503 2763 535 1823 857 153 167 234 2666 2305 920 1896 2420 458 407 638 556 2831 1754 662 1278 741 2547 1036 522 1572 958 598 1871 1867 2708 1142 2349 119 2889 1099 2995 2183 1285 1000 1085 2601 2272 668 2083 2555 1503 2286 2734 1108 480 992 2054 1395 1949 729 552 1567 1066 197 1344 1990 1214 1542 1899 2760 2409 2969 1708 2000 527 1995 1728 973 40 1359 394 58 160 2212 2202 931 2901 29 1755 1595 614 2005 1461 1342 1732 495 2847 291 56 2861 1958 1439 27 989 2298 576 2490 2425 2219 2724 553 1132 1809 2448 2076 1834 1376 306 1623 1649 2108 1426 1617 1988 488 2197 536 206 1377 1009 1960 1242 2574 484 957 1552 1404 877 1109 2426 1993 2478 1778 839 1501 59 1436 1270 391 1352 2645 881 2229 823 1500 1330 2419 2970 2837 2294 2097 2470 2930 848 2343 719 2910 2999 2333 2362 22 775 137 517 2891 1408 385 1258 2135 1756 909 1189 2786 976 2558 2442 55 486 2400 651 2747 2827 2077 435 1967 1799 149 2985 1520 2808 33 1980 2780 2662 1256 633 579 1414 2468 141 1847 288 1469 2359 1460 1267 1869 92 1587 987 1692 1863 2115 1986 765 1478 496 1615 2428 1203 2049 2375 1300 309 1702 2189 1086 245 2556 2706 924 2775 2002 2226 1518 42 1073 1717 1211 2032 1533 844 1833 2112 1991 2446 2282 586 123 2761 896 2432 1565 1233 1891 1238 2684 1720 561 1508 2696 817 89 1535 647 2811 908 1634 2981 1676 1811 2093 198 2345 2917 2134 130 2935 835 2773 1440 1560 2815 1590 102 2575 455 2006 410 461 1098 639 1410 2571 1204 1779 1536 1822 2431 1264 678 1918 734 2509 1123 1194 2045 551 24 238 1419 1632 2979 2413 1319 2285 521 57 1768 2365 756 2102 2472 1539 420 1705 1413 476 2681 2050 1636 2874 1173 1541 1199 310 345 1528 275 2368 1570 396 2329 2389 698 866 2237 1234 667 2411 1050 525 2739 453 1926 344 929 2466 1878 1449 1063 2572 1566 339 836 1835 2250 2798 497 2518 1911 1965 2812 1021 1679 1310 1158 2887 694 916 2519 663 117 1349 143 2876 1504 2802 1397 1167 196 2615 1776 2542 1284 2465 766 329 2840 1429 1514 2313 894 791 2023 1001 1582 1293 471 1286 1826 962 1274 1709 1913 658 961 2309 468 700 1554 1583 2577 1989 2878 1072 502 298 803 248 437 1532 1095 592 126 1016 783 2497 2344 619 828 2021 587 122 1153 1212 845 227 1693 1159 1622 584 7 451 2602 1024 2925 2971 459 1874 1662 2531 2257 2672 2364 1218 2106 597 2340 1550 1748 2872 1312 2154 116 2129 2066 1374 2550 1750 1672 2253 1666 1506 2955 1010 2402 2208 999 1870 644 110 1974 582 1752 443 1721 1106 2084 944 1635 161 2515 681 2932 218 2667 2818 2570 1041 236 856 2430 1276 1578 295 1529 2639 2810 745 133 2660 2799 2722 816 2581 1734 322 883 2318 1963 2164 2800 2627 1088 767 2744 1111 779 716 833 1490 2877 533 1215 2348 2500 1165 1485 2335 752 287 316 519 397 1154 2631 2797 2121 2156 1314 1118 912 2866 2284 1932 1919 1299 570 1288 854 2386 858 2287 1736 2875 2178 2915 2223 2651 2517 761 1625 2196 764 574 2029 2804 226 2756 2172 2099 2768 950 2288 2609 2592 1670 864 875 2864 969 623 2436 1984 1210 2283 1947 399 2597 438 299 282 1248 2087 2851 1117 655 2395 124 1884 758 462 2774 2850 2913 370 1537 751 648 145 806 878 934 1502 872 2916 555 740 1315 1255 2499 2394 165 387 1227 748 2145 2482 1604 2281 1298 2358 18 616 1816 1294 1346 2082 621 2783 760 1543 477 538 2193 2239 2401 2080 1266 2983 2412 1116 547 1521 2398 2495 2063 2130 2914 1647 1423 2679 876 2039 747 977 66 204 346 1169 792 77 777 105 1629 581 1735 626 1174 1927 2204 1725 2702 1914 262 2030 735 763 2501 1068 1188 2820 2010 2984 572 1324 1525 1135 2008 2921 2785 2532 514 2586 2972 993 76 1690 2585 2378 2821 142 1915 207 88 286 2452 485 903 473 449 892 2304 2485 1018 1244 1178