8 1 0 5 4 9 3 2 7 6
8 3 0 13 10 9 12 1 2 4 7 14 11 6 5
9 7 1 6 19 14 2 4 17 15 10 16 18 0 13 11 3 12 5 8
19 18 23 0 22 9 5 8 12 3 21 20 13 1 24 6 2 14 4 16 17 7 11 15 10
6 8 23 13 1 29 0 18 11 25 12 16 14 27 5 4 3 7 20 2 21 9 17 26 10 19 22 15 28 24
10 39 25 11 9 8 7 23 19 38 5 24 1 2 13 34 3 16 27 26 17 15 22 4 21 32 30 20 28 12 0 29 18 36 31 35 14 6 37 33
31 37 42 9 8 48 21 28 35 33 3 6 25 4 12 36 38 23 29 44 19 39 7 2 26 43 46 11 27 17 20 18 30 24 15 14 34 49 13 41 5 32 47 40 22 0 45 10 1 16
36 35 1 47 10 14 56 45 13 37 58 9 53 55 51 12 34 15 7 4 44 16 42 59 48 18 3 2 33 29 57 38 52 19 46 0 21 22 5 27 49 39 20 17 31 50 32 54 43 41 40 26 30 8 23 28 24 11 25 6
14 18 5 24 62 61 51 58 48 64 54 15 39 29 16 10 66 8 67 27 59 12 63 17 33 36 55 13 19 0 42 28 4 32 52 46 44 22 26 69 35 3 34 23 38 45 65 40 6 30 37 9 2 20 47 1 68 7 60 49 57 11 31 25 53 43 50 21 56 41
56 3 8 60 45 14 9 59 61 58 70 49 13 62 57 25 0 28 32 12 53 54 65 34 1 30 55 5 4 79 51 39 33 64 63 47 31 24 71 7 69 42 29 74 15 20 22 41 26 17 16 27 73 36 78 38 50 68 21 48 66 76 75 44 52 40 23 19 46 77 10 6 35 72 2 11 67 43 37 18
85 55 60 4 73 36 79 30 24 11 18 28 2 15 66 82 12 83 47 59 1 44 75 19 86 34 22 9 58 57 16 31 70 17 62 20 14 71 65 37 61 13 89 84 81 45 32 74 7 72 3 80 64 43 23 33 21 88 38 6 78 51 48 49 46 29 69 54 52 50 76 26 39 42 53 40 56 10 8 27 5 68 67 77 25 41 35 87 0 63
74 72 63 75 68 69 73 80 9 14 30 97 25 87 15 1 20 88 17 27 76 39 64 91 90 11 95 7 24 8 21 96 56 31 35 49 37 99 23 38 92 67 42 52 77 79 59 46 32 10 82 57 89 12 51 45 0 48 78 61 43 6 26 81 29 54 36 13 60 86 50 71 47 44 5 84 58 33 22 93 16 18 4 62 19 70 55 28 85 41 2 3 65 94 83 40 34 53 98 66
91 56 76 50 82 67 114 141 48 68 22 57 128 122 71 10 95 28 99 124 147 29 4 58 79 73 113 107 89 55 83 88 15 81 35 80 14 121 92 103 24 52 19 11 61 45 6 20 131 109 31 33 140 27 75 17 77 142 49 126 32 74 34 5 120 66 70 12 23 138 125 100 21 127 104 84 119 129 115 63 97 85 144 38 7 118 54 112 43 9 8 51 40 110 132 42 105 30 69 101 139 59 72 90 13 0 133 96 111 3 137 116 39 108 106 25 47 117 86 65 146 87 143 145 53 46 60 2 123 149 37 136 62 98 16 18 102 135 148 78 93 1 130 64 36 94 26 134 44 41
141 148 0 164 197 12 195 40 134 185 8 123 13 50 80 128 85 75 140 51 135 132 1 142 91 199 37 98 78 115 30 154 70 94 168 160 116 144 175 188 99 23 178 48 84 76 52 5 103 101 43 26 106 66 25 181 21 110 172 129 161 77 174 100 194 2 56 27 74 156 190 159 17 191 125 58 97 87 137 130 15 18 113 169 14 133 41 4 7 187 102 64 72 111 63 49 35 131 179 46 138 71 108 83 3 54 29 24 53 155 163 36 109 105 88 10 86 183 147 39 90 68 19 143 173 9 42 162 167 95 184 61 81 60 122 47 118 22 32 69 139 176 59 34 182 67 192 198 93 104 38 120 6 136 119 65 196 11 180 44 193 165 170 57 16 126 186 55 33 82 92 124 107 157 166 45 151 152 79 153 31 150 171 62 112 189 177 158 96 28 145 127 117 114 149 121 73 20 146 89
207 163 106 25 135 149 147 71 177 173 63 223 95 165 51 104 78 4 38 20 167 110 181 108 141 198 0 81 35 2 11 82 203 193 194 219 231 178 202 153 12 33 157 24 133 96 142 10 53 189 228 97 226 213 247 151 139 206 17 197 244 70 50 87 160 205 112 152 196 32 123 109 195 221 127 83 126 89 168 91 224 184 103 90 121 185 148 92 37 67 191 64 199 210 246 125 176 146 22 116 18 239 101 114 222 137 26 159 124 99 73 111 248 218 200 7 60 171 128 169 88 34 52 208 234 54 134 105 130 183 243 76 182 237 61 179 187 170 216 188 79 180 41 236 65 69 164 39 175 186 19 1 136 249 8 6 56 58 235 15 230 245 117 27 120 23 238 84 5 240 85 144 166 31 49 132 30 45 75 220 227 29 113 190 155 140 145 209 86 9 28 13 122 162 43 66 233 242 21 77 158 42 143 57 172 215 131 107 47 48 72 174 201 229 154 93 161 40 68 214 232 241 44 129 16 62 212 204 46 118 119 211 14 98 59 192 3 94 80 138 102 225 217 100 74 55 156 36 115 150
22 218 200 67 244 239 21 94 58 32 181 29 131 276 91 226 78 268 47 26 255 57 99 291 182 264 165 227 9 198 123 188 127 115 28 85 107 295 49 147 192 282 34 216 48 89 234 195 240 50 193 73 104 18 292 237 252 77 3 39 209 203 296 120 217 241 119 221 142 70 194 83 134 265 246 79 238 259 8 98 164 223 213 140 5 152 4 160 235 271 17 151 256 212 267 25 148 166 114 169 298 37 171 14 143 253 279 159 81 60 299 149 108 224 254 247 146 122 133 290 150 68 297 185 173 12 53 167 187 215 82 257 153 41 174 1 19 288 92 65 197 86 230 177 261 31 126 97 113 118 64 233 225 184 61 66 243 55 111 132 38 161 249 280 30 69 201 27 172 110 63 72 137 199 71 175 54 0 242 74 46 138 141 23 121 232 229 93 15 274 248 84 35 103 250 294 154 42 272 270 13 95 206 135 183 45 186 128 145 179 178 269 136 88 263 105 158 106 56 40 278 51 43 7 289 231 102 157 80 266 189 207 163 228 214 273 11 2 76 204 109 210 251 62 180 129 258 6 20 208 211 196 156 281 262 260 116 130 202 101 219 220 10 285 59 139 168 190 293 286 52 24 125 117 33 284 100 162 155 90 44 222 275 170 144 75 205 112 236 245 191 87 124 36 96 176 287 277 16 283
393 26 97 164 384 198 224 362 256 351 100 129 221 324 375 9 292 334 320 128 385 335 260 377 337 374 168 305 232 27 317 303 286 115 277 99 313 78 348 0 29 101 167 153 381 289 43 28 363 10 89 143 281 356 338 301 55 299 154 132 372 304 85 328 200 364 98 123 149 308 332 360 50 174 141 278 234 208 21 49 25 382 327 18 220 342 387 204 241 395 57 82 279 321 273 214 67 192 140 359 249 142 158 223 353 316 30 180 287 267 331 35 383 3 165 190 398 230 46 59 40 242 300 284 52 358 298 309 84 264 66 104 397 212 306 236 222 339 176 290 39 32 95 252 73 251 396 311 271 138 61 262 119 265 227 8 146 270 75 370 261 24 391 144 366 272 19 254 203 233 37 145 56 206 195 34 388 255 361 13 160 116 333 182 172 225 367 162 127 296 354 202 183 193 196 210 344 169 117 226 216 48 166 155 310 130 14 283 36 108 185 33 11 231 178 323 349 159 326 147 71 389 134 118 152 347 54 170 121 355 113 112 62 386 357 126 23 41 186 341 87 191 187 315 137 209 184 194 88 53 110 275 269 189 247 197 312 240 207 5 163 318 205 69 68 373 263 329 77 150 17 175 47 285 133 276 15 4 235 135 136 314 102 390 322 365 125 139 282 181 293 325 319 81 219 20 120 258 392 58 156 60 103 239 295 336 157 307 257 114 213 297 253 76 302 243 274 72 44 90 259 124 7 237 352 246 94 188 288 1 6 379 148 266 65 376 346 177 371 215 111 63 378 340 109 280 38 96 179 238 42 369 368 330 345 92 399 248 380 106 70 31 291 171 244 2 161 217 294 83 122 218 201 51 22 350 394 250 151 74 343 228 12 93 79 16 211 64 107 268 199 91 45 131 105 229 173 80 245 86
383 435 373 263 404 378 235 278 201 374 421 249 367 198 332 491 425 54 399 291 81 19 390 449 59 349 276 486 84 251 150 394 384 127 68 191 440 372 139 151 254 107 37 250 271 396 100 242 289 94 340 50 41 478 145 232 28 116 18 354 418 178 133 400 422 273 187 58 281 331 35 101 454 414 318 199 52 458 303 167 128 485 219 69 73 112 256 307 159 97 497 195 239 106 152 305 419 426 434 148 103 108 382 113 78 310 38 57 348 215 120 319 477 79 464 314 20 283 244 450 492 74 423 413 294 147 385 330 436 438 493 23 34 312 467 162 361 417 135 225 469 442 338 99 137 91 429 473 317 141 164 175 223 204 342 471 275 362 461 22 359 465 344 95 185 347 420 302 143 270 376 109 453 217 226 353 341 36 495 432 134 466 44 186 268 212 205 85 427 397 412 93 255 42 487 279 26 320 6 121 424 430 402 315 395 257 476 96 138 171 241 132 285 8 49 335 360 194 483 188 208 124 32 222 203 345 287 482 224 379 160 234 218 166 4 350 444 253 346 238 230 161 489 90 408 21 155 388 313 321 398 10 30 296 280 179 308 455 80 352 336 214 92 252 123 498 311 27 265 60 213 233 364 468 111 63 488 248 499 9 182 322 183 202 142 355 447 245 446 393 292 180 193 333 206 267 82 1 326 0 460 13 98 258 56 246 173 387 490 452 277 61 284 115 130 356 87 125 406 370 211 392 146 149 76 207 389 158 237 126 16 272 169 140 459 328 174 177 227 196 264 165 229 200 33 411 366 309 181 231 197 12 240 46 401 3 77 377 83 462 176 433 494 11 266 104 118 29 329 51 295 228 441 190 119 62 114 368 5 298 381 243 456 286 170 261 301 247 299 448 136 428 43 65 306 300 282 431 221 154 484 443 403 102 457 64 297 474 110 496 172 410 358 131 129 192 369 220 262 380 31 445 86 463 70 216 437 405 89 122 415 343 210 363 451 260 53 357 327 168 416 17 290 259 407 365 7 157 339 163 40 66 47 323 470 144 375 409 14 472 274 75 337 479 293 481 156 55 72 325 45 288 189 269 24 236 439 105 316 209 48 371 2 475 351 88 324 391 304 39 25 15 334 184 386 67 480 71 117 153
326 305 115 8 517 363 191 462 96 438 120 519 402 532 253 484 99 218 593 477 257 543 19 465 586 189 420 575 5 542 102 103 433 446 423 335 412 158 223 510 275 67 215 503 453 312 483 457 475 534 366 186 293 44 55 314 343 351 578 367 536 20 482 448 3 349 535 538 560 331 561 2 374 508 470 183 509 431 306 4 284 390 301 354 473 485 136 244 139 395 539 145 391 595 577 31 591 95 308 384 246 265 526 487 422 63 239 290 403 357 285 279 152 174 347 340 11 469 247 355 445 59 141 554 291 589 505 507 516 112 411 164 471 440 7 219 69 216 280 450 573 320 98 401 400 68 114 127 77 436 108 211 21 304 447 61 66 178 180 546 268 557 379 27 571 590 9 259 348 89 226 392 58 345 476 497 91 276 52 307 266 80 116 528 193 73 195 269 84 179 131 388 65 209 547 1 488 47 35 397 525 337 451 405 425 369 327 208 336 522 527 220 378 346 289 142 389 380 566 41 198 26 398 325 544 454 553 177 163 36 548 496 562 329 173 286 373 442 143 148 292 472 154 365 468 387 165 92 28 382 56 533 214 81 500 333 309 531 524 416 466 245 486 210 414 128 155 166 429 328 201 520 29 147 540 409 572 372 255 85 175 324 100 296 426 51 421 460 506 319 168 443 359 202 54 492 72 274 194 294 491 64 229 45 277 298 249 161 564 297 222 241 10 551 233 565 494 196 182 364 156 444 521 585 14 518 88 341 234 563 258 170 86 126 514 467 192 441 217 171 22 583 408 530 110 334 13 199 262 76 323 399 406 580 513 40 461 490 138 146 188 569 34 474 271 299 282 200 360 221 71 30 396 190 370 584 313 594 344 250 511 15 458 449 302 109 237 48 267 124 87 107 489 25 300 0 111 375 480 37 39 104 18 16 6 149 599 169 597 118 134 60 74 550 254 394 159 242 576 434 181 53 12 596 42 362 512 62 479 251 417 371 106 207 82 117 228 413 137 424 93 122 212 288 17 144 230 135 317 410 504 248 213 549 238 556 407 316 332 273 125 419 383 598 415 130 456 153 541 278 57 133 310 339 205 592 455 579 428 481 236 523 24 501 206 123 498 552 493 321 224 79 160 287 558 361 303 270 272 281 358 499 464 368 90 43 185 32 385 105 381 119 495 70 75 432 167 353 232 404 235 356 38 157 243 94 582 204 581 352 101 140 459 50 574 568 176 260 311 386 427 393 23 376 49 295 555 83 559 132 567 162 430 588 227 33 264 315 545 203 283 322 502 463 439 172 350 261 151 263 377 240 150 225 184 515 187 537 252 197 437 121 338 452 570 78 113 418 529 46 587 129 97 256 342 330 435 318 231 478
351 378 441 134 189 207 638 389 126 408 436 64 491 380 273 223 298 576 256 676 124 563 268 263 254 694 346 648 342 430 161 464 546 204 611 317 27 615 267 290 539 585 209 664 502 698 32 122 538 4 282 599 220 402 425 241 381 357 689 348 172 639 450 224 34 687 549 76 560 13 677 579 347 444 384 456 251 578 150 544 235 319 287 521 39 574 387 604 177 345 30 170 96 138 588 364 605 406 462 530 53 500 61 683 77 234 42 662 231 20 147 129 131 632 326 165 94 205 512 688 513 465 684 225 383 219 45 44 454 264 494 248 424 16 421 155 642 296 603 467 678 375 407 338 145 596 127 98 229 28 136 141 422 85 65 418 543 443 665 466 252 367 496 21 680 621 331 461 135 541 292 108 532 186 75 577 697 550 74 503 361 116 587 570 446 623 372 492 239 565 255 557 423 597 618 114 113 275 624 169 81 14 393 340 339 661 435 322 359 2 80 448 167 353 499 480 29 558 132 511 66 78 413 49 602 481 415 143 667 162 37 398 652 365 657 82 508 427 522 669 631 493 109 640 556 240 564 323 432 699 397 72 554 468 174 609 271 519 459 103 43 185 675 414 410 304 52 681 68 111 469 495 246 308 51 160 486 313 352 391 668 507 48 312 524 60 140 625 356 50 237 183 7 362 320 608 279 238 504 569 154 18 278 434 311 533 455 3 477 329 536 659 382 517 679 142 59 40 336 233 217 649 67 614 188 628 682 482 654 693 200 227 283 300 325 479 537 651 535 178 403 102 15 540 146 168 527 417 151 139 672 379 294 471 616 31 309 221 262 100 218 91 590 110 249 568 17 184 164 633 562 635 215 230 488 483 194 83 371 617 226 433 55 366 394 337 526 601 157 175 117 509 335 250 472 70 542 643 575 453 591 199 622 159 607 95 666 236 321 484 343 315 105 534 11 166 368 261 12 197 460 344 561 392 619 395 439 38 23 247 411 674 686 277 571 5 584 594 305 99 191 36 350 551 629 258 198 636 158 647 399 137 92 489 148 695 303 171 437 291 518 354 655 128 341 232 645 555 440 212 244 90 133 123 265 79 429 270 149 257 386 520 9 690 396 630 426 531 390 650 497 553 658 253 295 485 377 401 293 106 613 334 112 196 152 56 525 545 125 373 653 88 201 86 626 87 306 458 385 58 449 409 328 592 369 316 612 374 438 419 93 179 581 363 478 35 181 299 118 107 470 71 176 180 593 428 307 646 514 516 501 475 412 73 69 376 670 600 582 573 10 214 452 388 463 447 515 1 182 24 120 26 97 476 498 101 370 330 404 510 84 548 627 213 203 192 567 57 349 276 333 696 637 119 301 451 673 19 242 41 442 8 473 589 552 156 281 598 288 206 104 610 46 457 153 528 195 269 595 285 327 360 505 506 289 523 324 130 685 202 274 566 210 211 260 222 302 474 187 47 620 487 431 445 671 121 641 272 420 583 559 606 355 243 22 297 663 115 580 62 173 400 54 529 25 314 310 63 572 318 644 284 660 0 691 190 89 358 332 547 163 259 286 245 228 266 634 656 208 144 280 216 193 586 33 692 6 490 405 416
510 389 502 769 521 503 487 504 77 454 514 352 36 323 303 759 42 241 225 579 281 541 712 555 523 485 376 738 305 238 734 320 349 390 446 785 405 622 339 799 530 566 434 711 633 789 134 192 67 669 494 269 168 585 573 222 392 235 49 421 198 223 316 430 356 161 564 258 306 98 649 692 290 141 251 780 30 133 18 416 685 111 374 110 182 610 776 249 636 417 71 737 139 151 688 280 643 617 690 26 778 301 673 148 130 14 620 128 722 429 205 154 528 419 377 569 642 741 715 404 616 45 567 212 363 439 552 626 686 90 655 619 72 705 266 394 350 22 333 78 373 663 797 140 683 436 220 213 463 88 13 160 286 520 650 700 55 47 592 406 372 558 51 488 621 450 710 172 284 484 243 556 199 379 346 226 96 237 218 412 99 23 116 687 562 325 426 107 500 529 181 509 771 276 462 370 296 188 545 472 300 40 150 124 380 115 165 29 760 459 46 640 561 108 384 749 531 544 447 720 285 733 354 574 662 319 659 724 87 518 784 553 167 418 136 563 54 628 656 423 757 203 59 440 425 736 347 342 431 432 259 465 331 639 402 302 438 482 358 250 773 82 57 335 581 293 516 587 28 278 591 501 175 190 398 41 572 480 599 291 118 534 699 105 629 645 217 420 795 779 542 158 307 652 365 577 752 646 215 511 7 481 74 750 539 608 624 343 730 701 9 713 174 170 85 408 598 196 121 409 452 517 461 470 437 69 557 43 0 661 400 602 678 231 361 308 782 742 265 340 348 478 671 311 533 239 647 304 317 357 38 362 677 138 493 781 455 651 717 682 772 396 745 550 506 119 61 144 322 627 505 332 594 104 660 228 129 718 777 653 589 524 359 264 792 583 657 536 330 540 79 584 754 297 654 66 178 179 443 689 27 260 508 283 207 513 428 535 761 194 615 227 489 548 496 162 142 695 613 368 600 298 586 184 149 449 623 244 294 83 117 495 32 132 351 12 318 471 575 790 208 415 664 424 261 427 2 595 763 195 444 246 375 706 145 232 729 554 143 383 353 634 648 774 197 62 75 270 407 403 8 60 576 693 252 681 219 793 758 313 414 767 193 635 611 233 755 691 764 381 289 48 242 708 321 177 240 607 385 395 457 153 658 456 696 435 512 413 355 732 86 522 618 113 34 341 422 719 674 386 632 52 766 166 236 603 288 100 731 126 491 267 582 725 515 73 314 467 679 206 367 458 684 727 666 588 796 477 543 210 483 120 638 382 676 698 230 262 156 744 631 97 53 728 164 498 80 103 547 299 147 786 176 63 277 3 369 570 95 24 469 312 186 644 475 282 273 721 709 499 159 549 209 344 538 527 68 106 448 568 559 546 433 338 183 399 287 327 441 191 31 451 614 37 10 605 526 123 665 464 271 507 157 697 723 324 84 81 393 255 751 641 571 155 5 371 460 93 337 263 492 114 364 33 94 680 580 6 248 476 274 388 366 180 378 247 707 309 593 211 216 798 747 473 783 551 468 224 532 295 596 234 762 604 442 387 445 131 21 256 202 565 11 768 268 667 122 560 490 20 214 410 753 17 16 187 401 169 101 102 152 479 334 578 125 770 146 668 109 606 257 89 76 189 345 64 91 15 58 229 292 50 25 756 279 740 694 794 735 65 519 775 360 272 625 670 1 275 137 127 787 497 637 453 92 391 200 328 245 44 474 739 703 336 70 171 310 609 748 173 630 612 221 590 597 788 39 714 253 746 112 726 411 4 486 791 326 201 702 35 601 716 525 135 329 204 19 743 765 185 672 675 466 704 537 56 254 315 163 397
35 319 337 40 231 516 701 616 871 91 268 63 111 132 688 42 171 719 631 88 123 612 643 773 876 862 206 846 384 896 390 689 418 454 511 611 150 317 700 489 207 821 775 737 552 748 785 728 60 681 328 692 778 735 665 660 724 128 357 703 873 879 118 761 690 431 445 142 271 695 684 767 411 134 892 254 94 58 850 404 326 398 776 356 755 559 90 68 179 53 467 192 716 788 723 229 217 720 261 483 216 834 803 820 240 793 596 380 769 37 298 502 614 874 162 151 333 893 772 621 182 26 891 358 32 453 110 503 296 424 567 325 66 430 889 235 332 385 615 276 742 249 624 164 829 867 93 24 551 677 140 395 792 9 233 82 627 16 305 113 366 386 70 75 1 759 576 798 610 148 817 343 760 709 849 585 825 474 274 102 747 55 533 515 532 608 786 89 389 664 669 405 670 604 636 481 451 106 629 69 473 369 577 397 335 711 247 154 784 553 781 804 387 557 487 698 277 39 590 388 860 286 18 352 840 560 637 221 172 31 259 3 61 200 450 583 685 861 609 528 668 733 607 795 28 579 232 694 725 887 648 185 290 619 749 409 597 299 898 368 471 808 734 726 19 301 710 334 855 851 500 768 740 159 571 754 523 137 838 228 413 288 351 242 600 348 589 346 336 644 507 163 375 160 587 859 566 244 506 133 422 425 826 239 661 338 421 714 537 360 897 542 423 433 109 177 377 743 294 791 361 347 751 22 525 95 379 412 655 173 706 72 13 584 895 188 626 478 618 222 4 468 119 362 812 654 143 146 870 44 96 204 341 683 429 679 144 391 452 15 678 49 295 257 396 190 359 811 370 529 622 836 639 157 707 87 884 152 354 0 297 894 486 765 572 367 275 155 414 828 59 847 444 230 339 457 38 872 675 613 645 745 10 465 602 853 601 311 234 580 495 555 372 492 632 41 498 501 227 350 540 770 100 448 832 623 426 651 815 635 218 112 526 842 34 197 212 258 382 659 101 312 248 84 284 544 321 598 316 138 278 731 563 774 539 738 477 816 440 202 848 717 462 640 647 381 441 292 238 730 306 149 599 120 156 255 591 554 667 696 127 550 869 561 2 80 219 287 620 198 476 250 578 76 141 365 410 504 882 168 475 641 512 865 582 436 708 269 581 121 805 315 371 417 376 139 756 313 20 6 21 443 220 378 399 136 594 856 605 401 400 653 843 682 517 530 799 322 262 522 460 505 153 835 899 818 686 763 464 189 71 732 67 214 273 108 824 545 718 883 8 383 419 813 574 135 17 263 470 183 45 125 85 558 479 62 43 676 827 538 531 864 256 97 225 279 203 794 253 267 831 46 124 782 490 491 721 565 588 314 771 633 562 199 283 251 131 29 181 461 211 434 646 575 437 92 549 213 485 303 809 435 330 104 779 527 65 117 122 687 394 671 801 739 510 857 568 729 888 23 184 5 363 36 691 823 302 11 469 307 854 170 802 800 25 318 508 442 73 193 674 308 880 266 797 810 260 323 513 114 169 650 548 27 868 787 456 543 355 393 814 226 484 175 727 52 758 488 499 521 493 715 403 705 541 534 744 617 191 672 652 496 349 166 455 205 592 105 427 438 291 662 78 780 446 246 494 536 713 280 324 586 863 514 402 649 796 320 858 519 783 408 642 116 223 459 547 790 64 482 7 524 243 158 666 327 187 463 196 570 270 236 822 103 176 704 99 129 364 310 752 603 497 625 304 789 107 595 51 447 806 237 449 264 161 126 285 406 630 342 833 373 282 165 48 178 736 147 697 518 628 309 293 12 353 167 699 209 877 535 392 432 573 340 564 885 881 130 416 680 634 415 420 750 480 115 764 98 753 344 272 766 722 830 145 702 606 837 807 208 439 777 174 81 54 74 839 30 331 57 77 79 86 50 33 638 56 345 186 757 241 195 673 693 741 878 852 194 83 300 845 593 428 844 890 657 556 210 663 712 841 215 546 265 329 466 374 509 875 886 819 658 746 289 224 180 656 866 47 569 201 407 458 252 245 472 520 14 281 762
156 446 295 628 260 319 265 999 550 214 420 948 424 61 784 351 101 169 110 974 318 384 274 612 760 87 677 174 670 491 918 362 194 874 83 180 915 702 43 68 624 923 403 59 600 960 13 213 803 167 950 604 329 209 773 687 261 335 22 236 666 218 100 462 519 614 704 223 288 533 814 340 330 366 797 513 743 150 17 416 254 963 613 382 294 394 373 263 137 557 38 120 134 333 327 521 864 233 388 398 893 806 129 347 556 802 395 46 139 314 369 842 52 985 596 437 716 609 310 538 705 585 846 449 876 852 9 299 669 109 817 641 161 621 0 983 216 579 853 995 6 320 50 48 634 664 939 867 742 171 930 149 799 172 210 86 861 954 207 453 300 768 103 592 952 466 332 474 534 993 523 953 899 698 278 355 328 545 115 438 920 675 723 19 81 741 744 565 882 273 240 498 400 192 540 711 800 554 750 671 430 892 82 524 775 796 165 777 563 740 225 436 883 837 14 410 289 922 302 789 433 894 648 637 290 793 580 211 472 428 865 173 633 718 572 413 79 321 870 441 551 266 55 105 483 407 365 481 405 771 35 179 269 676 810 553 65 237 709 450 36 872 610 146 275 862 62 119 422 574 509 714 376 198 241 729 547 851 72 123 497 616 381 606 757 598 408 589 418 90 267 582 325 57 239 133 905 849 813 898 486 673 734 660 752 135 463 684 841 421 54 200 283 968 217 175 998 548 735 561 277 772 868 114 726 431 360 748 866 871 249 713 127 132 994 342 460 719 246 661 281 819 7 682 728 921 204 949 957 356 721 654 692 869 185 564 996 699 279 607 878 988 296 780 168 75 429 91 977 183 745 426 270 99 761 873 532 492 937 196 686 309 28 590 131 900 255 593 639 63 77 3 118 941 834 599 71 769 955 27 305 715 848 801 247 154 731 40 965 264 345 657 956 425 108 961 958 629 452 966 979 595 392 783 577 414 940 317 488 835 49 159 706 495 432 124 476 605 845 681 409 193 251 235 683 926 828 506 586 942 925 187 396 951 517 157 526 902 2 477 227 602 67 291 399 792 911 33 411 10 617 489 877 104 630 24 423 947 978 536 206 434 597 518 138 662 188 722 280 224 95 107 64 964 936 620 655 668 827 967 938 493 908 984 51 591 268 785 570 584 231 15 74 980 177 765 348 850 910 160 306 858 243 917 739 195 615 130 928 58 622 649 576 569 473 880 371 88 824 779 650 794 307 505 544 162 487 439 608 854 18 484 696 943 514 746 346 44 485 354 116 454 322 427 916 959 242 140 304 855 234 8 500 991 219 69 717 636 971 525 378 215 303 4 262 170 730 732 767 121 919 782 897 357 667 94 644 367 594 611 787 250 811 92 537 829 753 831 151 583 603 435 507 972 693 257 350 822 804 286 809 32 222 458 665 467 859 465 935 927 890 807 736 588 678 857 153 383 826 689 788 311 334 111 468 833 53 737 701 417 256 221 368 685 419 904 932 695 391 292 284 387 674 331 45 229 164 962 41 128 297 25 635 531 929 386 631 358 839 510 530 847 619 181 23 39 459 786 89 220 26 578 901 843 690 558 244 863 691 640 178 11 823 372 202 56 776 478 145 502 230 316 143 770 934 393 73 315 308 703 443 469 389 102 638 496 700 126 21 990 889 542 946 406 125 272 359 282 475 323 973 680 112 913 844 832 152 914 42 552 895 541 651 339 412 20 836 352 896 464 781 708 885 78 645 694 860 480 766 970 313 560 29 501 385 461 543 341 562 906 248 494 559 349 798 571 821 601 253 444 47 361 646 390 30 626 888 812 16 312 724 825 656 285 830 931 989 344 546 945 992 733 190 658 380 986 142 982 575 34 653 539 364 727 147 712 205 672 176 445 567 182 879 997 208 720 106 815 402 271 756 816 573 820 447 85 252 144 31 907 293 981 401 707 818 581 520 875 568 374 754 522 324 790 343 976 93 762 764 805 404 725 226 80 479 512 97 482 238 933 697 504 370 122 549 184 258 298 37 838 163 791 710 751 363 337 856 623 456 96 508 60 759 148 924 189 774 375 117 529 191 457 535 944 679 795 527 338 587 840 659 440 98 643 166 555 470 455 451 749 884 245 186 747 903 287 199 891 625 471 379 969 511 975 503 886 887 76 909 755 66 566 448 158 642 212 301 70 259 778 201 808 353 647 912 499 1 515 881 141 987 528 232 758 113 228 336 136 377 516 12 763 618 397 276 738 688 155 415 663 490 203 197 627 652 632 326 84 5 442
971 315 655 1372 959 1147 459 485 903 586 194 1185 1202 37 719 608 356 558 1063 1400 923 1209 508 807 704 874 710 1140 808 370 314 386 1008 446 1023 544 186 868 1091 991 899 1416 514 674 1415 1249 319 301 364 382 359 1384 327 1036 154 240 58 109 792 1457 1137 817 1196 304 1499 1079 1286 39 205 712 496 115 373 1360 175 1331 556 549 193 1158 480 1363 769 1424 140 139 1135 548 726 1421 701 526 57 255 534 1468 1232 1344 1387 74 1187 527 187 815 888 1213 865 898 731 1175 448 303 1064 1129 210 1086 539 974 456 120 853 591 1497 75 800 454 244 863 212 531 214 698 866 360 493 886 858 1399 51 439 779 928 612 643 184 1028 351 1034 284 1157 876 711 330 10 745 378 1315 1107 1458 582 264 347 1059 259 587 1262 576 289 931 924 5 1084 727 433 743 833 658 143 1048 438 1186 765 1478 1071 681 1320 1240 948 530 585 1235 1246 770 811 355 682 1425 1345 1194 545 982 1176 555 128 986 747 1443 848 82 48 1198 553 336 1484 572 252 59 190 842 310 307 305 366 85 782 321 1210 273 292 318 1420 84 1332 1043 495 880 819 893 845 615 195 904 768 108 183 728 1277 522 617 367 1151 363 161 238 326 1310 773 869 1181 1441 394 1359 60 994 1172 257 668 256 864 557 756 1150 619 291 515 875 1204 1252 300 625 735 320 6 1447 945 1495 1293 1353 1082 73 1396 1302 395 1248 1065 426 1465 1182 1316 778 979 1105 957 1098 293 323 992 1037 538 640 813 836 207 691 1044 19 235 294 1075 550 578 1337 501 1466 1364 1015 222 32 358 411 859 429 1062 997 1199 676 1258 1288 20 781 940 592 1334 316 1003 1376 665 622 1429 843 419 262 1222 309 1131 1142 1080 1408 1471 26 1189 909 1407 1094 1054 129 306 1096 796 404 662 1241 1292 1126 1374 894 165 1004 1371 1392 1426 901 1074 375 22 219 1446 1275 915 282 1030 961 457 1357 112 1055 166 99 290 509 699 686 3 1159 1130 1089 71 1268 1101 881 725 760 1382 482 1439 237 632 4 1414 1164 688 855 867 1266 132 1460 1002 399 167 53 1406 571 1042 561 472 450 593 102 797 25 597 1309 1060 130 1225 398 1058 1296 374 324 850 118 670 540 1035 917 135 636 729 1294 1389 1099 1017 629 131 1092 229 1327 151 412 1024 1227 1040 376 717 659 42 486 7 524 857 484 275 1451 276 269 385 1231 510 642 1005 547 1116 613 225 783 208 1411 942 1016 921 685 952 286 785 1298 757 1482 905 1119 927 1388 1 689 1052 1390 1117 724 1133 223 156 584 960 776 1224 722 512 840 568 1311 425 491 469 801 601 98 168 260 331 1303 1456 1445 1200 777 1236 217 1191 1177 1324 467 125 263 201 464 206 1033 1192 1402 221 1180 1027 198 1417 97 88 953 401 423 159 805 1112 633 200 1494 966 810 45 188 716 1174 400 970 177 993 164 114 828 803 353 354 352 563 268 1432 1330 345 182 1110 1208 1283 937 1201 1127 795 280 180 802 424 839 918 1435 248 707 518 420 630 342 90 644 8 1141 1206 852 234 1287 313 1203 900 896 932 1171 136 1047 887 677 1269 1207 105 780 1498 500 551 895 884 1121 384 1413 402 744 759 279 61 784 791 513 623 669 675 163 1138 142 1226 583 1475 1369 650 1011 1056 1007 196 1167 325 1205 63 372 1436 1211 357 96 91 919 1483 494 1336 1354 1448 739 1214 1381 1274 559 990 663 1229 422 720 654 1343 1260 1428 605 1001 1453 1233 934 1022 1251 944 101 611 941 191 64 1219 936 55 1148 397 950 81 705 169 69 473 774 137 826 1025 76 1051 1190 589 346 1095 1437 694 1068 1168 133 838 860 740 506 521 499 488 287 595 1104 410 1102 1378 1473 1271 344 396 70 1021 461 1178 946 787 265 1049 821 1237 1160 388 954 1280 577 738 134 889 179 1256 298 1341 1161 144 1012 1427 718 1169 1474 1380 220 1155 489 1349 460 536 350 732 421 1419 1218 628 470 1032 641 452 1322 1455 767 1351 11 1270 713 1146 1254 124 1476 106 202 1088 227 748 873 1333 660 150 17 416 28 1152 737 741 878 645 209 1461 1342 1170 211 939 1297 975 832 664 1244 1018 1329 503 1073 763 913 751 648 1111 1165 1290 708 569 113 78 1335 1326 754 775 1480 955 441 678 897 1312 998 812 1188 1412 415 147 1433 715 1076 567 157 570 146 1479 152 49 462 100 1217 226 239 1245 1139 94 604 1319 224 638 702 158 449 523 116 1193 1452 427 922 497 598 930 542 442 1215 533 1041 343 185 962 43 1383 1070 155 1394 1120 1103 1325 405 322 1486 621 703 827 1118 1398 387 362 996 79 160 505 695 1216 964 173 977 1257 1114 33 243 1284 1038 504 672 862 516 1393 30 368 651 1081 1496 1321 565 908 965 391 1352 1340 983 41 475 733 607 40 973 830 409 431 687 317 253 285 851 408 789 1403 631 616 822 153 1183 1308 436 761 1361 1265 600 242 823 1234 477 580 1124 228 1273 428 1318 1355 35 831 340 1397 1197 1019 1463 230 541 877 837 1046 89 786 92 596 594 1090 661 1305 1261 730 603 302 1405 1136 1143 283 978 233 1026 1247 841 231 697 1454 1410 639 72 958 634 80 1097 1444 602 1263 1442 434 574 764 1281 1061 1122 103 938 1100 218 1259 1492 742 849 709 517 1431 892 1450 1113 614 618 1391 453 706 723 468 532 1362 1430 1045 379 1346 854 67 656 885 1487 87 1418 721 1477 1317 1440 2 1385 579 68 377 107 987 684 52 626 1301 418 969 1106 1295 870 1132 1078 652 483 554 926 1491 1057 967 906 141 308 820 274 507 794 403 430 1488 1228 891 199 1328 1449 435 1401 528 1072 502 1368 762 968 1379 736 989 66 1313 1276 890 337 138 560 1134 295 907 1109 647 627 16 245 882 935 288 471 1195 1067 192 9 816 943 714 47 349 465 910 951 1029 126 281 1404 1123 1255 1020 1156 1409 339 1108 1220 981 474 700 988 1279 750 610 171 445 1282 1395 335 564 883 562 1179 172 250 1373 341 299 432 963 110 29 77 458 834 311 933 511 1238 381 361 844 519 673 127 365 552 972 1145 606 1356 1173 27 1485 949 174 620 1304 999 111 204 696 1370 809 1306 466 21 758 520 914 1013 871 1267 369 490 1125 872 1470 1339 249 348 189 692 984 1053 624 392 1242 1367 1278 266 261 197 176 1039 879 93 1350 537 476 1489 1386 251 1243 746 246 609 566 766 1493 790 1264 546 902 267 149 804 753 203 332 247 181 793 911 1212 31 1366 912 479 1154 1128 690 637 24 241 328 414 407 749 649 1347 829 1423 455 1307 1299 1230 119 443 1221 671 1348 1000 14 498 123 825 1300 734 646 278 947 1464 23 254 50 1093 18 818 599 277 1163 258 83 236 38 1144 178 1434 215 1066 1014 413 390 1285 1115 635 1365 788 1323 104 575 814 925 1467 588 1077 806 145 329 481 1166 1272 1069 406 451 683 272 270 15 216 1153 976 824 861 492 1184 1358 995 1314 12 1253 148 1162 1338 1481 1469 271 338 1462 916 65 380 296 1083 680 34 653 1490 1085 389 1289 334 0 1223 393 122 798 980 920 46 1250 121 437 799 383 162 170 525 95 846 86 1050 590 487 447 693 463 36 535 1459 333 666 1422 1031 573 297 1239 312 1149 529 1375 444 1291 54 62 232 657 1010 417 1006 56 213 13 985 440 371 117 1438 679 543 847 755 956 771 581 44 1472 1087 772 929 667 835 752 478 1377 1009 856
1060 652 367 1583 355 1824 1269 1348 850 944 1284 1292 391 845 1376 1432 1879 698 519 1065 320 793 1690 116 693 1069 1395 243 1791 251 1380 970 969 1436 1399 676 1777 1125 872 1061 703 1345 1506 1527 1449 734 281 128 852 1604 1160 967 1681 213 69 936 748 1310 1390 1700 1400 1277 998 504 509 1371 1556 1473 973 885 968 649 1576 1678 20 876 1480 1646 811 1129 935 1888 1755 538 310 286 160 1318 1361 662 341 824 1044 1664 1358 918 1873 774 1880 930 1485 413 1647 1230 521 1155 1115 361 1698 577 1231 1694 453 1952 587 1803 1022 1111 1334 1490 635 1623 106 1732 818 1606 1751 1159 218 712 1731 1322 757 1119 422 1209 1493 1094 161 641 627 1426 1954 1207 88 851 1886 620 1736 836 1740 1957 1483 1133 1250 1370 1924 211 95 1936 1196 1689 483 615 130 733 1183 925 1550 1529 1584 738 1582 1683 1922 1478 393 1928 1078 231 1542 889 46 1596 265 1397 1849 983 598 1031 25 297 1904 1241 682 1722 7 1190 1609 276 449 1665 1782 1246 1489 661 1779 753 1854 949 957 1569 916 1328 1407 364 574 1798 326 428 136 735 340 1530 1264 345 1317 61 1784 1752 287 1199 866 203 1286 462 147 1229 749 535 1403 801 1825 137 258 789 586 298 1030 1416 1016 379 1969 623 1305 1138 387 673 486 1987 1202 372 639 1503 660 526 289 1975 146 1070 915 57 1280 1639 672 939 765 193 1949 1998 1607 1973 490 1171 722 1906 0 1248 1000 484 407 1943 1628 908 833 402 1347 1955 358 1631 386 1667 1234 579 527 1283 917 452 1579 73 1315 1708 562 1364 38 1615 347 1486 492 351 1918 11 1911 713 1953 409 1103 1121 272 570 785 1629 1575 1034 980 19 70 301 1773 168 172 634 1048 1659 1944 1009 612 429 608 1679 419 145 1411 1017 1908 241 1867 1257 395 1528 1251 1534 1080 1934 897 1204 1630 1456 1760 1983 194 1723 1747 425 1147 799 1446 1927 1062 1684 1856 1245 111 1902 103 1981 991 1381 1544 683 780 1412 151 1687 1956 831 1151 1862 1419 115 1565 300 1853 1020 378 1843 185 1422 1210 1056 1601 1431 436 1059 1413 476 1039 481 60 899 1968 268 1834 614 187 315 631 589 1438 920 1071 1695 1909 65 704 896 226 844 451 1691 1724 427 1680 932 344 1942 1466 195 784 499 24 1193 1513 1222 959 1299 669 39 290 1815 370 471 1964 1905 466 352 1216 962 1321 450 13 960 1868 720 684 308 1800 1640 271 167 1939 1260 1185 1992 546 740 1081 1418 222 1960 1470 1999 802 737 1524 1814 8 1320 6 368 1820 551 1188 1443 267 582 89 739 1002 869 169 506 1889 625 418 470 613 188 1461 909 528 94 1852 1176 927 204 121 1354 1778 68 1792 706 1428 805 1769 685 1750 455 1754 1302 1561 966 182 505 1099 838 1450 1540 667 1907 1406 1167 1409 323 354 1341 1899 154 537 92 399 1935 1603 750 901 1688 125 1806 1763 715 1144 1252 1338 795 1841 1036 548 33 1613 337 1669 186 1739 856 605 232 773 1123 1072 1150 338 559 349 1118 636 29 796 1781 1989 934 992 141 881 895 642 573 1581 1663 330 995 1476 1374 736 1991 1353 1083 1021 755 1805 943 434 1496 1602 15 1487 460 1357 1509 1249 421 120 1086 1263 1557 1866 1262 184 540 1333 1693 1780 438 1977 52 1214 293 1810 1699 1993 275 862 655 388 828 197 12 951 1135 756 254 603 108 658 498 123 1089 260 1474 1332 37 1632 1013 624 1512 494 1860 1885 1644 90 940 963 468 1963 392 437 1761 1383 745 1164 189 1610 1326 1137 1296 1122 1515 401 18 653 999 762 126 592 1324 1004 1776 1453 1804 1005 1878 1360 1033 390 1162 1112 1881 1660 1192 72 1454 1116 663 250 835 699 489 1976 1157 1517 1028 309 192 400 1445 480 1288 1052 972 1217 175 263 1587 986 989 1492 1355 1560 888 953 173 913 415 985 171 742 1224 456 545 118 1206 1132 696 1228 396 242 1100 700 1054 887 1475 1616 1671 730 1785 863 397 417 1593 947 1958 1163 245 44 1463 1079 135 1350 1545 1008 234 1830 1737 701 1290 1637 1282 1833 443 689 1662 610 365 1985 666 1186 1914 584 1765 487 1675 1181 522 273 654 317 163 357 1672 724 1297 51 1591 1883 996 71 1946 1851 771 1746 1495 798 1642 143 295 139 91 617 1346 955 10 552 747 813 371 1626 174 1425 1701 1415 858 1636 1050 1523 313 1369 599 794 1759 1093 198 1417 1531 864 875 1535 1984 1464 508 514 284 1276 1220 604 26 595 1766 138 63 1077 1635 1140 1304 807 890 1753 1829 1064 176 199 690 1025 474 1757 1447 1410 1392 1612 860 381 43 1775 412 979 1808 1339 758 1917 1215 97 1014 837 257 1666 1713 144 1205 1676 1563 1767 1218 1497 1863 1148 1191 457 1405 1982 1494 974 1253 444 1897 348 1697 933 1896 768 1212 377 1516 883 1429 1705 894 1650 759 1816 334 1114 1526 112 1275 1726 1042 1003 1372 618 1481 710 104 1344 853 1979 1154 929 1377 240 1247 1349 1872 937 122 1893 754 1365 846 732 1342 958 1657 938 606 515 1758 1707 1387 1143 593 1233 819 1007 501 1795 1472 1988 270 1352 1237 626 252 1037 1619 406 247 96 571 1047 914 1266 975 1378 821 311 229 581 1068 316 1937 1046 149 1799 1179 1874 1510 1618 1049 278 1554 1869 248 583 644 1221 867 553 1084 1844 532 873 1488 1887 1308 1145 221 1522 1741 743 1029 264 1857 1537 430 30 375 117 1519 1408 1959 1314 674 1562 843 1912 1396 1771 463 1558 1995 859 22 1295 1169 156 196 1113 1242 1656 616 783 1621 1794 607 1063 1484 432 1385 832 1311 237 1066 1620 1255 910 155 101 1661 1223 1970 280 1316 1764 884 1330 1645 1578 1549 1774 1404 1521 1313 680 1651 1884 27 1819 1974 209 823 575 982 1710 1172 166 1351 697 478 181 23 1156 561 1384 1730 14 688 679 1938 178 442 1682 1744 565 1882 997 1926 228 1566 1107 64 1226 376 714 467 1704 1967 993 1465 62 1790 1343 191 721 903 102 1590 727 1605 691 1941 319 1441 751 1910 282 585 588 1170 85 611 1533 32 893 1673 950 306 1571 1552 1491 1336 766 810 578 1236 1012 763 1686 702 76 1391 790 517 304 1972 781 67 602 643 302 922 1301 1329 1243 564 1674 1865 1128 928 1430 870 664 1838 1090 542 1532 1716 405 563 36 800 164 1105 380 31 1877 879 224 830 1538 854 1018 333 847 495 296 1735 1001 788 1198 1467 1786 1627 770 1141 880 964 21 328 208 1541 822 350 1577 1271 718 572 640 1367 4 262 165 1948 491 41 716 900 327 1668 1091 1536 206 1368 318 1458 219 1945 239 1745 1197 560 533 1041 681 1019 238 1203 1598 1901 1327 904 1826 1300 1652 594 458 1235 1720 621 1082 1508 440 1570 1398 303 1832 543 220 580 1479 1573 1589 1997 1919 1201 1547 1096 329 814 1641 1932 1518 1796 1572 1580 1331 1840 1861 331 35 628 1460 1559 190 1551 1139 426 1455 113 1818 695 236 731 600 511 343 497 1504 1850 50 808 1165 40 433 1168 1074 1643 279 1903 877 1715 1847 1787 1567 1891 1040 244 637 839 510 694 645 1306 266 539 1273 1703 261 1227 1161 806 129 336 840 550 1032 216 1933 1564 200 1858 1876 1923 1173 558 307 159 1729 1166 1811 180 657 956 1900 687 225 567 105 834 659 1980 177 1146 1828 1930 321 1585 705 1748 100 1462 1189 1200 283 1966 544 1457 1929 465 1859 1670 711 648 140 1232 1362 1256 1574 1648 1990 912 1655 500 485 1076 1802 556 1437 162 1871 249 1375 1770 569 1388 650 153 534 981 1634 1359 373 1742 1075 1178 322 764 1725 1890 1702 1420 99 525 1265 752 75 1855 597 518 183 446 1363 1728 825 1095 1131 529 1692 1539 1073 1568 976 1 1158 1424 948 398 435 1685 1507 1323 1126 86 1026 1831 124 524 255 1238 482 1393 1058 1501 857 1502 475 842 1298 1951 1520 1994 709 439 1101 93 1514 1092 1599 656 931 647 1254 1714 941 107 1543 1152 109 346 1875 1768 1373 1711 1892 1435 1733 1898 1677 1827 1270 791 3 878 761 1625 728 952 772 530 591 1594 919 906 404 1085 384 1274 1389 1986 212 363 469 217 488 339 566 448 977 1225 555 849 536 1588 1813 665 493 1505 1011 1469 1337 1177 1511 629 447 717 729 1712 1525 1291 1067 1996 892 1281 1356 1043 1895 464 1971 1653 383 1153 332 886 769 502 1366 158 54 1325 817 472 312 1482 1444 541 479 152 1709 523 965 473 1842 1471 898 1289 410 210 1797 299 291 148 461 557 923 403 871 360 374 568 619 1108 891 408 1608 820 1586 1658 1023 826 362 961 632 1287 1452 926 1187 454 1434 1124 746 812 1394 394 942 792 1051 1335 58 1307 1801 28 1439 359 1110 1756 1194 874 841 201 45 638 816 294 1962 554 1027 741 459 786 1261 630 708 214 726 905 423 590 87 82 1340 651 990 609 1402 815 1239 1057 1727 1817 1468 829 946 868 114 1015 1864 1303 215 1268 441 1870 1440 416 1088 1285 1267 356 5 84 1448 516 1807 622 150 17 1846 777 1104 1812 1219 1546 945 1823 1749 1382 779 978 314 235 984 142 1915 1706 1772 668 1109 671 47 1809 1278 259 778 48 292 277 269 988 549 223 803 1213 723 1836 1134 1120 1624 335 2 431 1055 677 1421 1272 389 134 1010 411 1459 1719 1175 646 1734 285 1174 1038 207 366 797 513 1312 16 127 855 477 79 385 133 827 77 1717 1848 1414 353 74 59 775 987 1921 1617 1961 179 1548 1654 305 1097 512 1947 1614 1244 692 9 531 445 1600 1035 1592 670 1258 776 507 157 1195 1499 246 719 1423 1024 1762 1130 324 686 1006 56 861 675 1451 205 55 1633 678 369 256 520 78 1931 202 53 496 342 1783 1978 1940 596 170 1595 1622 1045 230 1136 1117 1950 1718 633 1386 227 1500 1894 1597 1696 42 1149 233 954 911 1293 1309 1965 80 1102 1319 424 1477 503 34 1743 1053 288 119 132 420 1789 49 1835 66 1788 110 1555 921 924 1553 907 1793 1106 98 1098 1638 1127 1920 1279 1401 382 1294 1837 1184 994 81 1721 1442 1180 83 1182 1839 576 707 274 882 414 1913 971 1259 865 1738 1845 1211 787 1611 1427 804 782 809 902 1925 1379 848 1649 725 1208 131 547 1498 1916 1822 744 767 1240 325 1433 601 1821 1142 253 1087 760
14 1207 2105 830 973 533 2190 1802 200 88 50 1190 1375 323 756 2324 932 1187 365 1751 648 1494 1165 2072 2431 1904 125 321 852 878 351 93 709 1605 1846 233 392 337 2456 231 2226 478 426 1848 1707 1581 849 1006 1985 743 2488 1522 1082 239 133 1631 907 638 2178 2010 2127 2229 1509 1547 1508 642 361 213 1167 2196 207 1889 1714 1681 465 2012 1460 1592 1158 1120 2037 514 446 1342 753 582 306 1429 1259 537 314 1580 39 2355 2106 945 1132 1879 1994 1071 1530 2191 1868 461 503 161 348 854 355 1643 2239 826 1025 1822 1260 1794 1502 1240 407 1925 2301 1901 1576 1719 683 1083 784 1343 2313 521 2095 860 1989 1932 2061 2198 1104 1250 1749 366 1770 2103 1992 1060 1638 1572 1717 2058 677 2074 15 2344 1505 1248 1645 256 1795 851 1807 1824 1628 186 1499 2079 1119 265 1046 215 2335 793 2192 2009 2373 419 76 2087 1461 928 1969 2060 1452 2417 2275 1797 1399 1736 1548 1582 2272 1678 2399 1355 412 1567 731 1468 2214 1421 1391 199 2464 40 1534 2018 1264 2364 322 893 1253 1138 1663 258 2447 279 627 44 581 295 1528 2145 1142 1640 424 2436 2342 888 1213 827 2153 1331 1675 1537 2224 2439 856 31 2407 1731 63 372 106 1233 1775 1917 320 666 343 832 479 562 2433 2166 2405 447 1021 1047 294 379 720 45 774 2039 1376 2179 2098 309 2165 107 795 1958 1412 565 2246 1243 654 283 1609 817 1656 1241 2278 707 557 1359 681 4 395 2242 8 859 718 2472 235 1304 1856 952 2056 1753 588 2090 362 1878 277 865 1623 1457 450 993 1682 415 384 1975 1000 2195 820 2102 1820 717 2362 198 1915 1097 444 1434 2494 1693 2366 819 772 1087 393 114 263 2041 869 1114 1847 1188 121 1670 759 930 2081 2069 448 1938 1409 1089 975 797 46 1859 224 845 2149 1943 436 668 988 811 2312 2136 1246 246 2159 2477 2493 1108 1973 1552 1867 736 626 12 2177 2289 2092 1218 1515 2360 1560 1335 1851 1381 511 1722 2424 769 2498 972 806 403 1347 1479 1184 922 1601 270 105 1329 1018 2386 1044 691 64 1740 179 1658 2338 994 520 660 2363 2135 357 116 1002 2398 1937 546 1875 481 1535 1869 732 1123 1983 934 494 2336 172 1711 686 2378 1270 1891 2124 1660 276 59 909 569 1913 693 2029 137 273 2495 1762 500 1893 189 944 635 1942 485 2169 454 1273 918 1979 619 583 1333 1949 723 1133 877 109 910 1507 1028 6 126 516 2299 1798 931 2194 92 2076 296 1257 1172 1982 185 1394 165 995 2207 2264 312 855 1084 2142 789 1634 2164 1396 2415 2457 984 1684 2059 2026 2322 1805 1602 643 1048 1477 1563 2358 738 1287 821 741 378 1838 2187 271 1125 1034 1308 368 1251 1325 1178 103 1420 630 1151 1894 1206 1972 874 822 1455 1665 699 208 1677 708 94 658 458 1730 727 1453 2347 374 2109 1578 1239 2451 1171 2478 1778 1723 1405 791 2014 217 2120 941 1685 1625 80 2234 416 1030 917 1443 2350 2071 1406 1703 2365 2161 866 91 96 340 2485 527 1653 698 1144 1161 2045 687 1953 1393 1698 1379 2367 1353 2462 1954 78 180 1311 425 1466 690 1267 1026 2369 2108 2228 150 2017 1971 2217 2314 2144 1541 1669 443 2209 32 2151 2158 2219 1150 1812 227 887 2321 205 1539 2471 1128 1037 1826 937 1586 346 1876 1350 1739 2270 2129 1635 304 977 545 1754 1489 1110 339 1266 653 2241 30 1518 1122 2345 2148 1523 2254 587 1759 253 1319 2104 1540 1294 285 1036 547 1918 573 1279 839 1689 2050 404 586 2132 25 577 1564 2389 85 2093 249 2443 2031 710 1970 75 3 1587 264 2146 1293 1923 540 1010 1112 1927 459 657 2107 1458 1840 358 2216 1093 1988 2449 1004 330 1352 1209 1961 1202 1296 437 2248 2288 48 451 729 1604 1583 250 963 803 1987 2421 2075 867 559 676 1069 219 786 89 1326 1283 1817 933 1309 857 1085 1366 948 2375 1269 974 1169 2202 1706 1998 1437 1493 1870 1633 1887 467 452 946 1843 1438 1646 956 112 1768 804 649 1080 2406 1195 410 517 1804 1950 2197 315 2171 1924 783 2016 949 136 1782 2030 1042 1690 989 466 1041 159 1622 1198 555 1758 2067 2435 1551 391 1852 2047 225 760 417 303 2189 1101 1503 1427 1300 1141 2042 1115 656 1965 1815 1340 2303 1424 122 570 19 1724 858 785 1858 1079 307 1661 2475 541 575 1760 1324 2437 722 439 2163 260 902 472 1417 1426 1074 2034 497 234 1874 2341 1334 816 1222 1644 1833 1344 745 1129 1064 2328 1909 1756 864 1200 1880 2430 166 1666 345 2005 2466 1764 618 2368 2049 1106 892 576 798 1143 1636 1367 2160 737 1227 2257 620 1806 146 2048 1786 701 1921 1185 470 584 350 2401 1696 1154 2022 1554 571 2282 843 590 1398 1542 1672 2319 141 1629 81 2117 2390 469 1182 2 1948 154 1450 434 1440 1641 1732 1136 1336 1354 1432 1016 823 462 632 143 1094 604 385 2070 1193 834 2003 1192 1179 2441 1286 2403 2172 862 1480 327 961 1865 1290 916 1671 2116 1400 2118 1321 981 662 356 1413 1964 1789 1339 2402 2277 77 1701 838 28 2152 35 2468 2244 2199 1550 1402 66 489 1850 130 680 476 1029 564 1916 1484 1721 1363 487 54 1573 971 1853 712 268 1980 713 2349 612 2143 999 1546 433 742 1314 1031 1057 1107 1571 1224 1247 1912 2084 2416 1077 1997 2200 1545 579 1385 1470 1177 2480 733 1475 2156 2250 721 805 598 926 1242 1135 986 967 326 1861 1514 585 2379 997 2440 781 131 1022 1024 1529 1008 1268 1291 1189 1349 2372 1488 499 2320 220 128 1922 1577 1784 1360 300 1422 2223 2043 1430 1926 1219 2137 1012 1596 2400 2112 833 2212 2073 2180 1056 2420 1818 2377 352 1568 2302 1281 1694 631 2240 2361 2141 908 814 1075 1947 2078 2227 1485 51 1338 602 1765 2033 1919 818 799 149 1258 2233 183 1738 2237 1191 2422 958 1102 572 1390 257 1857 1439 673 2011 1055 1809 597 1045 10 245 228 1566 939 1072 344 162 621 1384 37 1 1147 1585 1231 167 1111 169 2134 679 1232 1395 536 1419 1013 1436 623 863 1752 1062 2086 1014 1881 1011 1362 889 1931 1854 1579 901 1844 274 61 1284 1052 1621 2486 1945 195 262 1902 847 2100 2111 898 1356 1295 1127 1223 714 422 1966 1358 411 1750 243 2325 302 49 526 2201 1727 1533 1941 1781 2348 2448 2483 99 2309 222 418 1262 2065 689 1474 1829 2096 1728 1584 1431 2484 776 226 664 1963 1230 1007 715 891 1556 2243 1415 719 1428 43 2094 2247 655 1929 221 936 1463 735 1320 1978 435 1194 275 373 2418 360 2404 633 1418 560 359 672 725 456 1261 272 1946 324 850 990 1517 2225 2260 414 915 1785 24 1051 429 1800 548 1201 1890 490 1175 2052 880 65 504 29 1345 1790 1323 1500 1871 269 157 1862 1086 2354 2115 2429 1720 255 1099 2307 1679 1808 1630 1365 1374 659 704 1473 1181 21 684 2114 1705 532 692 1783 1772 2220 2025 332 2268 682 175 338 1981 1715 492 1589 2463 457 846 1095 591 1939 947 1299 190 52 1278 369 650 495 589 802 135 578 2015 616 347 1986 261 363 90 83 2394 506 552 2038 331 1957 1709 1337 1743 477 1791 1091 538 349 2183 1570 711 409 1538 1555 2083 2327 2414 386 979 1575 168 97 1214 2412 134 389 56 1885 773 661 2174 474 2423 1558 1282 402 1130 1369 2238 1745 319 251 2230 292 318 964 1569 1944 2297 1600 1968 431 1478 2150 739 2032 2492 1459 812 2138 278 2300 2097 2470 1113 1695 216 640 841 1215 1608 1899 486 2356 194 187 202 1088 1467 496 1940 1755 2295 2370 696 1544 230 688 2080 2085 1116 885 333 1216 873 603 174 1652 1708 144 2387 1208 1620 962 1594 1796 836 341 420 1297 950 1892 2013 1543 26 912 1648 399 1447 1156 1100 2331 1897 1451 287 20 599 2408 1203 400 1302 1078 1984 771 1872 1285 252 1811 1361 2305 1995 2055 2130 62 924 380 2453 1511 835 740 925 1234 510 1928 2326 897 1771 519 1160 1588 1237 1059 1896 2497 148 1254 904 837 2393 853 1827 530 2181 2460 794 801 1380 1210 1205 2274 1967 1704 2308 204 1377 2446 896 911 726 423 388 2391 1446 502 1298 996 247 1702 27 1292 523 965 1017 1952 206 2252 1519 1073 580 1289 210 1610 1597 1404 2188 890 1397 1197 2445 1121 1510 142 381 943 38 408 2276 2273 336 1835 1023 428 2490 1288 70 1657 678 2036 33 1513 1386 2173 1149 940 1009 2182 2218 1174 72 1976 829 1766 2491 1481 2091 1716 1803 2008 1506 601 301 1307 1845 2119 2479 2411 370 2311 440 2157 2323 1139 1245 645 86 568 2380 782 1748 903 176 606 1382 232 1053 1816 2376 842 1370 748 1065 2410 1866 181 2329 2203 1313 47 171 242 1619 2384 895 1687 2280 1614 2334 1810 2089 1317 493 2381 1667 2232 129 1035 751 1737 1655 920 1825 1561 68 775 188 1823 1841 438 1383 716 2432 248 1735 104 118 982 951 1146 674 513 488 1617 1229 1118 1271 2343 1659 1898 1819 1330 824 1465 1408 2434 881 1729 670 1651 1315 1276 468 2131 2444 1691 2359 1280 1159 2371 1504 396 177 1448 553 1173 1109 2473 871 449 445 2425 2155 671 401 87 1445 1516 1599 2442 2340 2382 291 2175 2088 919 813 1328 551 2208 98 2269 2291 1607 747 695 371 2455 1117 1491 1642 2261 2099 2339 634 394 2482 1316 1574 809 1306 53 624 744 1068 1842 1697 1673 2210 848 663 229 2283 1372 501 1951 482 463 787 1186 427 432 905 2021 1155 894 558 1410 2427 607 1692 328 1225 757 421 9 1618 505 1990 1864 2383 1799 2374 1763 1235 792 1877 197 310 543 1040 184 1860 101 1389 2213 2253 2101 110 57 761 1058 1991 2438 1164 953 1401 528 1221 522 317 147 1801 2211 665 387 1910 593 297 507 1930 364 1777 1378 254 2317 1888 453 1813 73 779 1061 1081 132 611 2204 1183 1228 1683 120 1054 730 17 1001 100 2020 876 1003 2077 1199 1935 58 2064 969 1624 1831 1312 1212 954 280 2266 2258 290 1744 7 1832 397 2128 2419 535 95 1444 1767 2245 214 534 1496 886 1163 610 1373 960 1371 2004 2051 1627 1591 1033 1993 237 694 2024 2413 1471 1526 2057 1032 377 1839 1090 1103 1521 531 705 69 108 299 675 1615 777 34 241 976 754 259 1327 763 1559 600 218 305 1612 2185 311 614 1497 1955 1067 900 957 518 1244 1553 1252 1310 2154 2292 1884 2263 1486 1490 913 780 1934 825 1974 430 2481 544 2236 2206 1265 1905 2221 1977 515 2426 1761 2315 1152 483 703 376 980 124 1433 998 966 1364 1170 2409 2353 879 2249 2489 629 605 1277 236 636 1837 899 2068 119 512 1613 1606 2293 1787 170 382 2316 1734 561 42 1733 1456 1303 1779 1472 1712 1960 145 1956 755 563 2000 182 2296 138 244 240 2304 1662 1145 82 525 595 2346 1746 927 1780 2396 2113 2019 84 5 1873 491 1469 1263 1168 158 2465 55 484 1449 1274 1726 1900 923 1710 1137 1524 1357 685 983 1483 1700 1886 1482 1849 0 1348 749 2044 2007 1070 1828 1092 1157 882 498 1226 164 592 1180 2053 2459 1351 1718 22 2255 102 1903 79 765 1536 955 1124 1757 2271 828 883 1098 173 406 1368 2287 524 1301 985 2193 2267 647 1066 115 1834 1148 212 1549 556 767 2251 766 764 74 651 815 471 2139 1962 18 1318 2385 2235 1341 1441 1959 2357 153 652 1131 875 942 1332 1836 1821 1699 1492 111 1050 1911 613 1725 460 36 442 594 2337 1814 2294 987 1176 752 2028 2167 1063 140 1639 778 1249 1527 1914 2262 1674 539 641 2123 1792 790 1593 1603 1769 473 807 542 23 238 2062 608 844 1387 342 2474 2231 375 1153 1747 872 282 746 455 529 1895 1498 622 1626 2392 1403 1531 1388 2351 2476 1411 1043 2352 1996 669 2176 1512 508 914 2450 1830 970 758 2318 113 574 1423 209 1788 1933 1005 2133 1275 316 991 734 60 1407 1590 354 191 1595 768 1616 313 1632 2082 1476 770 1713 1688 1882 921 1238 1416 211 702 281 405 1217 549 193 609 1637 2063 2122 2298 117 1020 1611 2279 413 667 1134 831 762 390 796 1204 151 2147 2333 1863 1140 929 868 1487 1027 1680 1305 2310 2330 11 2487 1454 2168 1598 2285 700 554 441 178 724 2215 968 992 480 266 329 2332 2027 788 298 335 2126 367 293 2054 1562 2499 706 1676 1883 810 308 646 2428 1255 978 1392 2001 2023 2388 2046 1462 1774 1015 1162 1256 16 1742 196 1647 959 2006 800 1096 2306 2186 41 728 2496 475 286 1019 383 615 123 628 2281 1520 1741 267 1649 1793 637 289 1211 1907 2397 566 325 596 2184 1686 192 567 2162 1126 1166 1654 1049 1425 2458 2395 2125 398 13 2222 2002 2205 1196 127 550 1525 1501 1855 1414 750 353 1668 1773 155 935 223 2265 861 1495 2259 617 1650 870 808 1664 1464 2290 1442 71 1272 464 201 1039 1076 1999 156 139 884 1236 2286 160 1105 2461 2284 644 2467 625 67 2469 2170 509 2452 1220 2066 2110 2121 1038 284 697 1557 152 840 2454 938 334 1532 1346 2256 2140 1565 203 2035 2040 1776 906 1936 288 163 1322 1908 1920 1906 639 1435
633 2905 1477 1811 1819 383 2956 2072 2834 2243 955 726 919 1483 2636 2551 1612 2594 1076 1492 1117 2851 2087 1837 2414 426 2711 2497 2799 2660 133 1367 2634 679 269 2203 209 2147 2373 2165 2278 2231 1358 1596 1772 1121 545 715 669 2836 2487 1624 1827 1174 474 469 2582 2047 612 2962 1703 2320 2537 384 2038 2258 2597 326 1523 1843 897 1312 2872 1748 1550 2340 1506 1666 2727 1237 1796 2830 1818 1729 2858 120 1123 2509 734 1918 678 1264 2431 1822 1536 1779 1204 2571 1410 639 72 2674 1766 2870 854 2386 84 1448 948 2740 2648 74 177 2146 456 2 1761 501 1894 1282 1922 2943 2176 2009 2182 428 277 2888 463 6 320 1166 1329 1014 851 1719 2457 1042 378 1957 281 2393 2963 2643 2385 2159 1418 2030 1388 1568 2453 2144 583 1333 2894 2200 2535 224 2215 2918 1432 125 341 214 723 1129 1141 121 437 248 1106 2339 321 8 1278 662 114 968 2729 516 2201 15 2644 1633 1770 2402 1010 2955 286 2452 485 903 473 449 892 2304 2485 1018 1244 1178 138 2341 703 131 629 1212 2081 1122 2251 1464 1782 692 1978 1935 1975 1384 2824 2960 13 810 966 2432 1565 1233 1891 2093 165 2601 1085 886 2692 893 1097 2944 2818 2667 218 2932 982 2940 2357 1370 1179 1476 550 2089 582 1962 2065 2987 983 194 1167 325 4 75 2988 430 127 1157 1126 746 2238 1738 714 651 2747 1566 1692 2815 1847 288 2862 1327 2464 21 408 350 546 719 2343 848 2768 373 660 2524 1814 1371 274 2539 885 645 2792 2508 743 344 1926 1848 1516 1771 1934 1394 49 1673 1205 532 2587 1197 837 566 2115 1346 2530 1240 1674 2775 924 2913 2584 2104 1930 1856 1813 691 1044 820 2640 1035 2817 1252 1135 1525 66 778 201 548 1576 1043 2073 466 179 2265 2060 644 110 1103 1454 2169 1196 562 300 2726 2255 2720 208 2847 2156 2803 7 524 2031 1676 2966 2170 1047 256 754 1496 323 1685 1985 1110 2555 1503 2639 1594 385 1408 1080 1976 357 1297 1844 1577 1833 2112 2344 1002 2041 858 2287 2774 768 1258 1137 2519 916 2328 302 2763 535 1553 1997 2332 1861 2480 2498 945 1239 894 791 2510 225 853 900 844 1378 2641 2857 2486 1494 2723 2443 2398 890 1936 2482 2312 1411 1268 2604 2985 2593 1724 1561 2171 2004 81 722 1701 920 1896 1457 2878 1989 1349 117 2722 511 2684 2206 2007 333 2227 2198 879 819 2233 1149 1980 2780 2662 1356 295 1578 1160 1313 368 1696 1081 2561 2759 2053 1653 1720 2743 2368 2077 2827 2330 2520 2596 1940 1825 2489 2616 2663 2331 262 241 704 2973 2630 182 2628 1650 242 1118 1159 2329 1001 519 1744 578 974 731 465 655 2557 38 1971 260 461 1098 2390 50 2133 2048 2646 807 2606 610 2105 380 1200 2562 2122 2020 1797 2682 1564 2106 2693 2367 239 693 109 64 257 2796 593 1220 1557 389 1781 1571 1993 1094 1683 1707 808 2034 635 2938 1270 391 1352 2954 2382 1437 361 1592 632 1272 2805 79 683 434 237 229 1795 1750 1672 2253 905 1248 852 1780 2563 708 757 1325 816 2581 614 1365 139 2091 1307 455 1034 531 2437 460 91 542 2637 2075 711 1801 979 228 986 773 2350 721 2235 2861 1497 1314 2462 1529 857 22 2362 222 293 1823 1736 1805 2143 324 1462 2897 2204 1725 759 1 1292 540 960 1328 2269 941 191 1007 2427 871 2715 98 764 2196 1625 185 1260 439 2163 1839 978 1537 628 108 1136 247 332 843 2782 1646 1023 787 1665 1911 2850 821 1337 1743 1391 62 2556 859 372 2292 2776 246 2140 1527 1937 1431 602 529 970 2899 571 1849 563 1235 717 2543 1895 1171 284 1353 2849 1434 1267 1869 2725 2689 2211 1581 2741 1348 1832 1607 1102 2840 34 2018 176 733 549 1606 2990 315 454 1517 1447 831 2275 2110 1621 2884 2917 758 2649 881 2229 2083 668 990 1175 1037 149 1070 498 2505 2158 1422 2210 2056 1395 1949 2268 904 2514 2769 1104 2184 46 2859 2764 397 1154 441 2267 2724 1702 2228 362 3 159 2307 388 2626 446 183 2745 1920 83 619 175 2394 2019 804 1453 1741 476 2681 1049 577 258 2788 111 530 933 2214 33 755 1842 1747 1890 2650 744 2737 151 1810 663 1475 951 112 607 2381 287 2318 883 608 1679 696 1627 2717 568 313 163 863 221 1131 1013 1655 752 1256 1520 2071 1406 2808 1597 1203 2428 1615 913 906 520 0 2839 445 1213 888 1396 2299 1214 462 100 1421 14 1470 1661 363 1414 579 2645 1956 1398 2216 2068 835 2844 375 2148 2291 2123 2887 1158 1310 334 1032 2732 376 2188 1713 667 1234 2061 1982 124 2395 2160 2632 400 567 732 2157 2513 2240 2675 1760 887 2003 1603 1170 278 2138 1634 2981 2129 1471 1192 1387 2095 2591 359 472 1689 2167 1952 1816 1294 688 2589 1409 1855 412 2100 1156 311 470 1017 2321 930 2576 236 856 2430 1931 2209 499 2546 2678 604 2750 2664 1979 976 2558 2442 2208 999 1870 1601 2172 2756 226 2366 188 1324 572 1440 1998 1068 2501 763 745 10 1714 518 2559 2173 2976 907 677 922 202 56 251 2327 1555 2478 2039 747 977 1281 1865 2360 2560 706 2079 2731 2728 1303 2734 2286 479 289 1208 1100 1064 2226 97 216 2028 2619 1872 2771 1393 73 2564 1009 1960 1242 494 1336 264 31 267 2541 2526 2161 2098 1677 1458 1884 1974 2837 2294 2097 2220 2263 36 1963 2425 2219 620 2037 1350 489 2804 1608 2998 1060 652 631 2316 2435 343 2930 339 1112 2054 1441 1640 172 166 2794 760 2783 192 2179 2947 2841 2308 772 377 2874 1173 1541 1199 310 1424 2444 1184 2282 32 1893 2408 2931 1082 1551 2950 1905 1777 2088 2416 2656 1574 2364 2672 1016 126 103 1950 2222 753 2309 961 658 1913 68 1290 283 2467 118 2284 1521 390 1285 1390 971 1569 769 509 2455 2224 1397 2802 285 347 1727 1631 1392 1501 839 290 2468 141 1522 1656 1305 87 1759 1449 965 156 215 507 685 876 2679 539 189 245 1300 309 697 1291 1472 219 1259 305 1217 2023 1360 756 1467 588 2272 1456 2324 785 1611 1954 1230 173 630 2908 695 193 2507 1955 2311 1176 2315 235 928 1942 1488 2945 2479 503 824 1309 597 2855 2086 1443 2361 331 2139 964 1069 2213 1161 1868 751 648 1715 1584 67 2469 1153 122 2778 1510 1927 1803 448 1757 271 1487 2527 2953 735 39 1286 1075 1794 414 351 2574 484 957 2451 2397 795 1513 2135 1961 96 2051 417 625 2162 2534 1031 838 1589 457 1946 2992 2103 1902 611 709 1105 1145 643 707 495 834 1107 2779 1806 129 1054 1011 991 1072 1788 1981 1446 2046 265 1579 525 2739 453 950 1306 99 823 1373 5 1084 2137 316 275 573 541 2492 1817 1883 2605 2250 2798 335 1917 1452 1953 1774 1698 2221 762 2383 435 2456 438 2686 1071 2109 1128 1508 2696 793 2629 1863 2471 1528 2496 1668 2102 227 2317 557 2907 27 989 736 243 855 724 698 866 2237 493 1767 2598 2977 2809 2295 1057 2217 1254 798 2742 1276 2748 2421 2099 2461 2377 2114 1994 1021 2812 1965 1866 2687 1970 381 2057 280 35 601 2670 2694 2242 1972 2092 1004 618 2929 622 1354 2810 2869 998 1991 508 2150 830 301 1875 2617 1879 28 1828 510 26 220 348 2939 2117 832 2040 1669 1236 1067 1939 1463 790 2298 576 1416 2538 581 2345 2828 1074 1784 1052 1442 2178 2875 1459 1790 1096 1887 1005 2388 638 407 458 2420 674 1415 1338 2881 796 1484 940 2218 2814 1876 980 2354 681 2515 1882 2580 11 1726 2866 515 771 1330 374 2569 595 1846 366 1134 1514 2313 1055 1269 963 750 921 1482 1296 1058 1686 2458 2419 2423 801 2659 2511 949 2494 1560 1263 425 701 1857 502 298 1164 1591 981 2991 47 598 958 158 649 2152 1853 2027 1187 1209 186 2475 53 1785 2882 2516 1580 942 94 1450 1304 2120 1850 2719 2369 2523 1087 1232 1990 1344 197 1900 1966 78 1481 2766 1943 43 2189 1086 210 705 670 259 419 169 2994 2934 2450 2067 2015 1614 2789 2848 1552 1404 877 1109 554 95 846 1586 1507 2528 252 1559 2190 1302 1400 923 478 1764 2784 1038 1221 142 2821 2378 2180 2241 386 306 1376 1834 2076 2448 1809 617 250 382 1334 2399 1219 1224 2880 1474 1898 205 2260 1712 2833 30 672 862 2288 2536 2588 37 2036 1593 2926 2707 1283 902 1050 2411 1618 737 882 168 2125 1716 1845 1728 973 40 1359 394 58 336 2661 1228 2108 1649 1623 1207 1605 1897 1964 1708 1558 20 1287 868 739 403 2187 2733 1194 2045 551 24 238 1545 2484 1407 268 947 1682 2185 659 811 355 1143 19 2491 1216 1262 54 2417 2376 2914 1345 1246 1099 2995 775 137 2972 993 1910 1599 1831 2904 2090 675 1616 2898 2683 23 2422 828 2021 587 2033 865 85 2384 895 2271 322 1734 1812 2786 1189 200 564 2957 2893 2017 1150 738 1308 436 606 367 2927 615 878 934 1502 1266 2983 2412 1116 547 1183 2254 2941 2614 263 1694 2483 2961 2476 657 2078 2751 603 404 925 2816 1723 1798 431 687 2252 2852 1973 2607 358 1840 249 2449 1660 1218 2012 1881 2965 1924 1019 1968 1903 1907 1341 2611 353 1499 1277 1562 1554 700 1802 1626 779 1111 2744 767 1088 2627 2800 2164 911 1789 254 152 653 63 1320 135 917 1969 2819 1824 850 2703 1366 1202 1182 2633 742 1659 1804 427 2567 1489 2447 1226 2710 157 2762 2997 101 2351 2906 464 2248 956 1754 2831 556 2342 2141 1909 48 2116 411 1858 349 799 2111 2846 379 720 2459 41 2986 1836 2532 2785 2921 2008 2212 2202 931 2901 29 1755 1595 766 2465 741 2547 1036 522 1572 2832 1637 2671 1987 2014 1389 1372 2835 1904 1383 2916 872 1699 2665 2791 2234 2130 342 822 624 223 1133 2545 2676 1000 1426 1617 1988 488 2197 1139 1860 1684 2084 944 1635 161 57 1768 2911 2885 1026 1247 2245 1885 1758 2439 2752 537 2826 2968 1773 1210 1984 2436 1752 443 1721 2261 1610 2326 2980 71 154 1783 2540 1959 1662 2207 2623 1544 1490 833 716 1191 1530 2565 2721 2668 292 1486 2374 1515 116 2154 2958 452 2415 2145 748 1227 387 1280 180 1177 861 2978 2166 352 354 1526 483 1700 364 2410 2310 512 2638 365 2433 2352 2677 2403 1347 2610 61 784 1511 2306 654 2583 1642 2967 985 2205 270 1301 2346 2622 482 2618 2035 1628 93 1864 558 2701 623 2232 2952 1193 2915 2223 2651 2712 2441 2440 781 1093 584 1622 783 580 1629 1582 1293 937 1460 2359 718 528 2279 418 1222 959 2042 1340 2225 1769 710 880 946 2806 2695 195 1469 2266 328 2192 1417 2082 621 253 1923 2735 2029 2025 106 2813 782 2691 1089 338 2521 405 1532 1095 104 2982 2175 211 514 2586 2131 432 317 2194 1251 1225 2730 1859 1792 2669 2738 676 69 2573 666 2186 994 2168 2454 2599 500 2195 2174 2473 307 2066 1127 1012 637 1493 505 9 1006 115 1380 1430 1045 2924 2829 2777 2845 2989 1765 2713 1172 468 1705 420 1539 2621 2883 184 1540 1733 869 1695 2758 2277 2274 1101 2151 2900 849 2647 2925 2971 1495 1746 1636 1829 640 1807 504 2974 2062 1967 1799 2631 2797 2121 702 1671 680 1335 926 1491 128 406 370 2685 592 2595 1808 1090 2191 686 891 199 261 266 2688 1873 490 975 1468 2305 2666 1697 1008 234 167 153 1534 2716 65 2578 240 561 1364 1466 422 2230 2753 1428 1368 1509 433 1046 2474 840 2876 143 2392 1151 1245 559 2396 231 1078 105 1130 673 2790 1413 1693 2406 609 1504 244 2860 600 230 187 395 800 1439 2380 2389 1739 1147 2470 2772 526 1412 1958 52 2590 171 369 952 2059 2074 2697 1791 845 2909 1451 136 2653 1148 1115 2807 599 1092 2919 594 596 2445 1800 694 1925 2273 2280 1211 2032 1533 1342 1461 2005 2322 2765 1039 1901 953 664 1570 396 2658 1201 1480 17 150 1405 2094 2043 2979 2413 1658 2529 132 1899 2760 2409 2969 842 729 552 1567 1066 148 2568 2334 2319 272 2300 2337 356 2822 2495 2063 1198 2177 2405 2365 2002 2613 337 1793 2270 827 1332 513 1704 1547 912 992 480 1108 1429 144 2477 2757 2358 2838 788 2525 826 1654 1375 1029 1077 1941 2503 345 2853 1079 1763 1374 2550 988 2552 589 2126 410 2006 780 786 89 817 2942 1083 475 1652 319 360 2506 2085 1740 1742 574 1113 1056 1382 402 2620 1681 2714 51 1862 86 459 399 1947 2283 2463 303 1231 1585 1549 1498 1155 2438 392 442 1688 2577 1583 1604 2404 2793 1062 2575 102 1144 1538 1091 297 1399 1323 1427 2865 255 565 2499 1255 424 1590 279 491 2050 2181 1675 1331 312 776 92 1587 987 203 813 2336 492 2355 713 536 206 836 1835 829 1425 1273 2472 616 18 2922 1996 712 1854 2579 1119 233 544 1680 16 2773 155 1929 534 2566 55 486 2512 1600 2297 25 1229 2493 1928 2890 1479 2856 1289 1762 2372 198 1826 962 1274 1709 2825 1598 450 174 1003 815 2700 1786 147 415 908 914 1630 1983 447 521 2285 1377 929 2466 1878 2570 1041 45 2531 2257 1867 1311 2142 140 1639 2718 789 634 80 1275 2058 2400 1756 909 1357 304 2052 1575 2787 217 1620 1065 1548 82 1125 932 1326 936 2843 2323 2055 1678 2387 1886 1238 2946 2504 330 1243 1423 471 2153 2903 2920 1379 2652 1641 178 2554 730 2199 1632 1419 2407 2259 77 777 2101 2155 671 2951 12 2770 627 1249 2522 1162 1841 2262 867 2136 1730 2426 477 538 2193 2239 1745 1986 1644 2842 1020 2379 2553 444 2892 847 70 1500 1851 1028 2655 899 1977 690 1361 1053 699 2704 1030 2533 204 346 506 2011 939 2026 2936 812 650 1369 1732 1040 1351 1912 792 1169 2460 1921 1753 2113 1519 190 2657 416 997 1880 318 873 2600 1706 1033 2549 409 1319 870 308 2264 2096 2854 213 2429 901 1401 1906 682 2353 591 727 2333 2999 2910 814 575 2256 1295 1063 2572 1687 1588 1355 2801 1339 2289 2069 1288 570 1299 113 1317 2937 1546 1944 2024 2754 915 527 2000 1265 841 2948 1132 1613 938 2923 1916 314 954 1951 1027 2680 2625 1731 889 429 2886 765 1478 496 2970 2348 2500 1165 1485 884 164 2867 327 996 2755 1298 2281 1892 1563 2635 967 1999 1061 1535 647 2356 2107 1271 2585 1690 76 2702 1914 296 2873 467 1140 2642 2325 1433 910 1261 818 809 1438 2347 487 590 2424 1402 995 1838 2871 1542 533 1215 1647 2933 2314 90 1737 560 1120 2708 1142 806 145 689 107 927 684 665 146 421 2863 371 1444 802 1645 2959 2446 1322 797 2795 2502 291 299 282 1473 1465 1181 423 1710 2912 1648 2013 898 2705 1015 1152 2246 2928 440 1257 2767 2949 2434 1874 1403 413 2699 1751 398 605 2363 212 770 543 1186 1711 2132 2391 860 2183 2548 1663 1138 276 1316 1933 749 1775 1948 2879 1995 1619 162 2247 805 1667 2706 1543 2698 2370 825 774 1321 896 2761 123 586 1188 2781 2127 1223 1778 555 451 2602 1024 1051 2293 2820 2010 2984 1664 1022 761 2517 2877 1318 2902 1505 2303 984 1749 2709 803 393 2064 1821 1445 2276 2654 1385 170 2964 294 481 2044 2236 613 1195 794 523 1168 2895 1830 642 2690 1315 740 1455 1279 2149 1343 1871 2302 1531 2290 2481 60 646 1386 1163 2128 1284 2542 1776 2615 196 943 969 2864 875 864 1670 2592 2609 340 1815 2371 1888 1945 2349 119 2889 207 88 1253 1602 2022 1059 1512 2746 1124 1524 181 329 935 2603 1717 2612 1852 1025 1691 2823 2134 130 2935 874 656 2993 59 1436 1638 636 1718 1651 2001 918 1435 1190 2338 1877 2544 2891 517 2975 626 1735 2673 1919 1932 1185 2608 2624 1609 1889 1206 2896 273 2868 2301 972 2418 2249 1573 1420 1787 497 2518 1915 2996 1114 2749 1250 134 1556 1241 1180 232 553 1381 1820 2488 585 2296 641 2119 2490 1146 2070 1657 1362 1938 401 569 1073 42 1518 2736 1643 1048 2118 2244 160 2375 2049 2080 2401 1908 725 2811 728 2124 2016 2335 1992 1363 44 661 1722

