2 8 6 9 4 3 5 1 0 7
7 8 10 12 2 1 0 3 9 4 13 11 6 5 14
12 5 4 2 8 17 1 15 11 18 19 14 3 9 7 6 0 13 16 10
11 18 19 23 3 7 5 9 22 0 16 4 14 2 10 17 24 6 20 21 8 12 13 1 15
7 5 21 18 0 22 29 1 14 20 2 15 28 8 11 4 25 13 23 12 10 6 27 24 19 16 26 9 3 17
17 31 24 28 12 6 13 5 38 37 19 35 11 9 22 8 21 29 3 34 15 30 32 2 0 14 36 25 4 7 27 10 39 33 16 18 23 20 1 26
4 45 42 5 32 41 13 10 19 39 28 35 33 17 26 43 46 11 15 1 30 18 44 29 36 7 2 24 31 37 38 14 8 48 21 20 9 27 49 34 16 23 25 47 40 22 0 3 6 12
27 49 57 29 50 32 33 16 52 19 15 7 44 4 26 10 21 22 41 3 2 55 51 1 35 53 34 12 28 20 39 5 45 46 0 47 11 24 38 43 18 54 59 42 36 6 25 17 23 8 30 40 14 56 31 48 9 58 37 13
1 47 62 24 5 18 14 61 22 2 9 25 56 21 50 3 36 33 31 54 64 35 17 66 10 16 13 55 45 44 43 0 42 59 63 12 53 27 37 51 58 48 15 7 19 46 52 69 26 68 57 6 30 8 67 41 29 38 28 4 23 34 65 40 49 60 20 32 11 39
72 35 63 64 33 15 74 40 79 51 29 21 16 62 20 22 8 60 54 53 12 77 38 50 55 30 75 43 18 42 67 28 32 52 78 36 14 45 26 17 10 6 3 37 7 71 24 31 61 44 5 4 56 69 46 19 58 11 9 23 68 70 49 73 47 65 34 13 0 25 57 39 66 27 41 59 48 76 2 1
7 46 29 89 15 66 83 79 28 2 20 63 0 76 19 86 34 57 16 53 41 62 64 80 5 84 56 48 51 39 25 23 68 67 33 75 77 1 44 17 65 71 14 69 87 35 26 88 21 24 11 18 85 55 40 36 73 50 52 54 13 61 37 42 22 9 10 30 38 6 31 70 72 3 60 4 49 82 45 81 47 59 58 8 27 43 12 78 74 32
64 91 47 33 36 54 29 1 15 80 5 69 73 93 4 2 3 58 94 70 21 8 96 27 76 39 51 30 9 10 82 57 66 55 92 67 42 62 52 79 31 16 17 50 86 45 44 75 89 12 28 85 41 22 32 46 77 74 72 63 59 90 68 14 78 48 84 87 24 11 95 7 65 6 25 97 26 20 88 71 38 43 40 34 18 13 60 83 56 81 19 53 0 35 49 37 99 23 98 61
43 18 30 84 14 67 90 69 130 149 13 62 42 41 100 36 61 45 19 11 2 46 9 4 29 147 0 124 140 33 27 75 40 5 53 145 3 78 127 98 17 120 10 39 139 1 65 86 107 133 110 116 136 135 99 28 48 141 114 96 64 82 50 76 16 143 87 148 115 80 35 49 126 32 71 15 88 117 111 138 125 31 58 79 73 113 93 119 129 103 24 101 12 70 26 105 83 55 89 77 142 123 57 104 7 74 34 91 56 122 128 106 68 22 52 6 20 137 144 38 23 108 21 8 51 132 54 112 118 47 25 72 59 102 44 95 146 37 94 66 85 97 63 131 109 60 81 121 92 134
55 193 57 153 117 114 165 44 166 45 172 110 89 146 70 168 160 64 96 36 34 182 122 47 32 69 67 30 60 177 68 143 173 91 199 149 59 176 4 82 33 90 46 169 10 86 183 194 100 62 171 63 109 138 1 66 25 180 95 133 41 141 190 156 181 21 8 84 5 103 132 155 24 53 12 163 22 148 35 49 115 52 158 94 51 191 17 159 147 39 7 187 76 9 42 162 167 121 27 56 28 179 131 87 97 58 105 88 3 43 150 192 198 77 79 152 23 73 20 26 126 112 31 184 135 71 38 157 0 164 197 92 124 196 11 111 72 48 178 154 78 113 74 85 75 140 130 14 188 145 99 137 16 6 125 151 139 118 174 170 61 81 108 83 161 2 175 144 116 93 104 129 195 40 134 189 37 98 123 13 50 80 128 102 54 29 101 19 120 127 65 119 136 106 15 18 107 185 142 186
154 77 102 11 41 25 47 115 236 46 181 108 191 64 45 142 96 133 238 23 213 249 117 125 246 94 158 239 18 116 22 146 176 57 78 230 199 215 13 210 127 110 85 201 119 204 141 120 27 9 86 43 162 248 227 79 180 168 33 55 8 144 83 192 49 132 30 179 61 223 75 208 52 190 134 54 225 177 178 58 235 166 183 17 197 207 150 114 101 241 242 233 171 99 187 40 149 147 203 82 107 243 95 66 76 202 153 136 7 60 231 219 194 157 98 62 73 135 174 87 131 138 80 93 226 106 67 37 92 148 65 32 222 137 1 139 151 247 229 44 84 5 126 16 10 53 155 39 175 186 19 81 113 29 31 129 161 156 196 12 4 38 212 130 105 20 167 220 35 2 15 74 100 188 216 170 245 182 237 3 14 28 152 112 109 123 68 214 185 121 90 103 184 224 163 244 70 50 234 34 88 169 128 26 209 145 140 42 143 164 69 21 91 72 48 71 89 36 205 160 206 218 200 198 0 56 159 124 193 232 217 24 97 228 189 111 211 104 51 165 122 63 173 59 6 172 221 195 240 118
10 105 268 154 178 143 79 238 259 8 98 35 19 1 174 280 237 252 197 133 122 65 166 148 25 106 173 185 43 74 250 258 6 20 282 192 167 187 170 155 279 216 34 53 60 230 39 209 203 82 215 172 16 283 135 206 160 4 152 284 139 59 176 196 80 228 112 151 191 214 211 208 281 156 91 276 253 127 96 271 17 226 78 277 287 179 0 58 94 21 108 224 7 289 231 169 294 165 264 182 291 99 57 255 293 144 75 70 54 175 200 218 22 89 48 163 36 247 254 32 55 51 141 86 126 299 149 273 292 18 104 73 63 52 115 76 2 128 83 194 188 123 257 221 93 15 210 109 204 97 113 90 121 232 245 30 46 159 81 256 212 263 88 69 132 38 23 44 274 243 66 236 278 142 125 24 251 269 157 102 164 84 180 111 235 110 229 92 28 85 267 50 193 33 77 3 158 223 213 248 9 198 117 45 183 100 129 140 5 222 290 239 242 249 161 186 266 134 130 116 11 62 119 241 217 120 296 118 234 195 240 40 101 202 56 298 37 171 14 233 64 168 190 227 131 285 162 286 41 153 114 147 49 295 107 12 31 261 177 145 137 72 205 288 275 67 244 146 246 265 27 201 29 181 138 42 272 270 103 260 262 150 68 297 124 87 189 207 61 184 225 13 95 136 199 71 47 26 220 219
307 274 193 196 221 129 100 333 91 171 291 199 268 49 235 4 385 108 311 396 251 73 12 228 343 110 275 1 257 263 109 246 22 51 158 245 229 105 106 215 27 232 197 297 253 143 89 10 363 374 168 204 241 112 62 386 177 130 148 266 60 156 393 346 379 97 26 20 219 3 383 353 223 21 398 36 352 394 165 395 90 247 189 340 240 207 350 276 87 248 303 281 179 319 277 115 280 292 334 66 104 397 212 309 84 80 302 45 131 124 359 190 152 118 134 40 59 264 96 162 367 43 28 136 330 369 224 198 320 208 35 331 243 16 30 316 377 180 287 178 318 163 308 149 341 186 41 68 69 55 299 169 344 39 342 387 103 239 295 348 188 375 9 293 399 336 347 392 58 329 113 218 206 56 76 213 13 160 133 285 181 269 195 34 388 209 153 381 202 132 211 95 252 5 142 249 271 317 146 270 155 310 138 380 220 18 356 61 260 173 354 296 127 201 326 47 44 72 120 258 306 205 312 175 390 255 361 17 71 389 102 145 286 244 15 74 384 164 98 364 373 214 67 314 187 191 345 50 174 366 144 230 46 192 262 119 265 234 278 231 111 63 332 360 183 216 126 357 167 101 351 135 117 226 33 25 147 2 11 19 42 31 172 182 368 225 254 203 185 210 7 365 322 29 0 250 151 24 391 92 137 315 324 125 139 337 339 222 289 378 48 166 371 79 93 236 300 242 38 82 279 321 283 140 184 261 335 114 54 170 121 355 128 267 8 227 154 284 52 194 88 53 77 150 237 65 376 259 32 81 159 349 323 57 78 200 328 85 304 372 6 14 290 141 122 83 294 217 161 362 256 325 176 123 370 75 282 64 107 157 86 273 70 301 338 23 99 313 298 358 94 382 327 272 238 305 116 37 233 288
197 365 407 464 314 418 127 302 138 171 242 443 75 262 42 255 13 250 37 107 254 416 448 299 113 78 57 38 212 205 484 284 115 43 461 22 51 280 179 388 368 442 376 334 441 322 44 230 161 375 317 473 429 122 89 47 364 233 488 470 471 306 129 198 108 327 495 432 395 446 423 403 387 116 193 316 17 377 2 214 92 399 54 27 291 213 60 61 450 244 283 234 381 419 426 393 292 272 169 39 25 371 117 71 91 137 339 157 392 415 343 331 367 144 252 76 149 177 174 328 147 385 304 186 268 468 109 410 355 447 240 216 437 110 265 266 104 118 489 90 49 335 360 194 405 63 478 373 451 378 235 278 362 275 12 263 404 485 219 220 26 397 231 77 325 421 374 201 237 126 86 370 494 222 32 498 245 183 202 153 34 23 493 438 72 300 338 99 323 341 36 167 303 458 229 200 496 172 134 466 433 20 413 412 93 50 480 445 31 324 15 111 287 345 203 383 436 330 369 319 477 260 8 285 70 84 251 294 382 279 165 394 128 83 140 459 123 333 271 396 100 218 483 173 246 56 6 320 65 19 81 156 384 274 472 40 192 3 386 184 354 18 449 390 259 150 121 170 114 62 16 420 356 425 491 332 131 227 196 264 209 48 79 389 125 406 248 145 232 267 206 288 301 261 143 296 30 10 398 321 313 361 417 135 409 28 348 215 176 499 9 182 7 24 269 74 492 46 282 85 427 481 401 475 479 346 253 105 329 29 228 295 257 106 152 98 188 45 456 243 411 366 310 465 344 95 211 162 467 431 221 158 223 175 164 141 487 482 238 305 428 124 208 380 430 357 53 210 363 315 204 342 224 453 217 226 353 82 1 67 408 189 96 435 463 69 73 120 273 187 142 347 185 277 452 490 154 474 351 88 312 130 358 136 159 340 94 289 414 454 297 486 41 181 309 286 160 379 469 195 391 87 424 151 139 372 440 191 68 290 256 112 180 311 80 455 101 35 249 33 337 14 276 349 59 190 119 11 102 457 64 336 352 270 199 52 247 402 241 132 326 0 460 258 21 155 422 400 66 55 462 225 308 293 439 236 166 4 350 444 146 178 133 239 103 148 434 97 497 476 359 168 5 298 307 58 281 163 318 207
169 414 400 189 558 287 347 268 539 145 351 483 324 175 299 323 485 473 354 301 389 156 327 493 492 54 202 56 215 67 2 561 154 472 292 221 171 22 65 237 236 481 451 19 465 142 158 39 90 368 593 94 243 61 289 293 198 41 511 250 531 21 592 455 290 239 533 516 534 68 248 504 314 227 431 590 9 166 228 190 317 226 45 277 412 335 143 148 223 409 219 231 167 432 101 352 581 328 201 247 332 136 244 152 575 509 183 97 129 587 279 93 584 370 596 476 256 285 357 359 443 168 528 116 31 399 589 291 199 503 453 191 17 416 126 547 552 25 497 91 312 372 397 525 565 482 20 224 321 6 149 519 66 178 135 495 157 38 572 34 53 12 209 138 471 174 469 407 251 270 272 281 445 37 298 356 599 30 478 517 456 543 562 477 5 484 150 362 184 225 569 188 146 308 95 229 58 392 540 463 502 442 208 155 470 444 264 315 393 427 386 344 594 313 339 205 428 96 43 76 262 4 306 26 398 113 78 433 109 510 349 535 578 554 27 379 557 374 120 438 343 361 303 286 52 307 266 410 8 115 305 222 297 253 133 310 426 51 24 523 440 176 260 311 234 341 214 454 553 177 346 112 80 302 449 571 28 382 363 439 172 350 263 151 261 124 87 42 576 242 159 394 64 491 446 273 255 85 108 436 276 507 163 580 406 161 249 89 588 577 114 70 494 105 385 32 185 320 98 475 57 278 403 122 207 582 204 404 235 280 216 245 486 44 424 137 499 358 421 460 536 461 490 387 591 450 573 336 121 437 197 212 563 340 180 546 457 40 329 240 377 408 383 144 230 162 489 0 15 366 544 325 373 598 466 542 583 468 365 33 318 435 330 342 139 395 18 16 487 295 555 83 559 132 567 304 319 203 545 464 501 29 147 415 130 345 396 353 380 566 210 564 284 390 296 187 515 125 419 211 348 505 86 376 49 411 258 232 538 560 274 194 107 595 391 527 220 520 309 88 518 14 447 405 259 422 63 111 375 480 526 265 246 119 381 384 500 81 429 378 441 192 467 514 72 506 462 100 512 570 452 337 103 102 233 47 71 141 294 479 524 7 496 522 548 36 118 134 60 331 252 537 193 50 459 140 99 218 46 541 153 269 498 117 82 257 1 11 62 35 288 300 417 371 106 173 69 92 74 550 254 418 529 267 48 338 23 104 326 568 206 123 275 316 333 200 360 84 164 165 579 532 367 179 530 110 334 13 213 549 238 556 508 283 322 430 458 217 420 196 170 488 73 75 513 551 401 423 425 369 355 521 585 282 186 59 586 181 434 127 241 195 128 271 474 574 413 55 160 79 77 3 448 10 364 182 131 388 402 597
205 500 61 249 568 346 400 201 509 117 47 620 603 467 678 375 165 94 259 5 368 393 315 130 566 169 81 319 235 636 690 396 573 537 122 93 352 229 48 507 689 348 499 353 109 640 665 364 605 641 135 541 539 16 421 363 125 545 100 218 91 513 37 675 185 253 34 687 645 232 510 398 522 621 331 461 411 615 267 290 178 362 412 55 366 187 289 618 649 549 639 115 663 111 304 410 12 197 148 15 300 132 558 223 273 158 647 555 559 606 445 369 285 371 217 120 208 399 569 473 306 428 464 501 475 612 316 511 66 78 413 49 602 481 415 143 57 192 203 265 356 376 86 222 18 278 552 284 589 343 590 110 237 0 691 460 584 651 332 71 463 301 451 106 98 127 596 357 381 241 327 360 505 506 600 670 468 642 581 692 6 56 533 311 38 443 543 256 676 328 424 30 345 433 226 579 418 113 275 592 671 17 694 628 171 485 553 336 233 102 11 26 447 515 162 667 682 68 450 604 281 107 96 138 588 305 422 392 159 279 662 231 365 652 646 444 347 414 469 495 296 466 282 310 611 673 517 382 215 230 488 20 147 594 487 431 270 146 168 527 417 151 388 73 293 458 118 696 637 593 24 182 1 608 344 103 459 190 89 358 595 269 457 153 528 453 591 401 123 409 476 693 389 656 85 65 536 659 394 156 298 576 683 247 195 520 627 429 105 698 27 317 101 624 489 550 225 684 562 635 62 297 22 614 67 238 504 307 248 613 3 477 80 2 359 322 271 570 587 116 361 503 7 4 538 72 554 260 211 210 172 320 560 76 75 186 292 119 308 246 446 534 40 572 63 526 601 202 274 137 92 407 131 632 326 337 530 462 486 160 617 440 643 575 129 623 372 121 338 145 69 221 442 561 644 325 567 240 672 557 525 577 697 124 563 268 13 677 630 339 599 470 323 432 699 397 465 212 35 181 299 535 403 161 180 188 170 144 309 31 58 128 43 23 456 251 498 341 14 430 60 140 350 28 19 191 177 302 474 374 519 390 650 497 54 29 480 255 565 239 133 243 556 193 79 82 657 633 423 257 90 379 406 173 32 597 586 340 544 150 578 280 216 318 134 441 378 250 335 405 416 351 242 200 264 494 436 408 126 516 373 88 312 524 87 529 50 74 262 391 668 261 329 175 490 484 154 571 277 686 674 419 194 83 266 228 245 493 631 669 491 380 634 84 548 666 314 263 254 404 619 114 64 598 288 206 219 383 220 402 425 540 97 427 508 10 45 183 59 502 492 9 648 342 214 452 324 523 99 438 286 112 334 521 287 51 426 518 622 199 294 471 616 685 333 454 44 155 46 610 607 95 198 330 157 580 189 207 638 551 609 174 395 386 166 655 354 482 654 276 244 108 439 437 53 531 658 142 679 167 204 546 52 681 449 33 349 295 625 77 234 42 626 196 152 483 387 574 313 213 179 224 564 514 585 209 664 252 367 496 21 680 355 472 70 104 542 272 39 479 141 136 448 661 435 478 36 512 688 25 258 629 547 163 653 582 377 384 660 8 236 321 139 695 303 370 583 420 41 283 227 176 434 291 455 149 184 164 532 385
703 613 695 583 59 203 757 423 785 533 311 531 749 76 156 262 230 544 50 593 214 358 482 473 169 664 424 149 449 623 224 148 325 562 687 295 755 691 764 381 289 793 172 112 750 29 383 466 766 52 758 478 348 340 435 512 413 355 459 46 640 651 455 692 649 568 374 670 376 652 365 97 704 138 677 362 42 241 225 644 284 154 461 684 727 298 586 463 213 368 75 270 442 19 14 580 115 380 124 150 354 204 641 221 590 743 209 205 315 200 391 457 746 429 722 689 443 103 770 712 494 269 168 585 432 485 405 527 522 618 113 44 765 128 620 11 402 147 786 458 367 606 448 207 283 508 543 185 701 759 294 260 777 718 174 575 471 318 114 364 371 63 470 437 226 178 66 634 353 589 278 85 484 492 399 287 167 553 428 500 411 4 565 393 346 198 84 564 258 734 324 723 556 199 379 280 453 791 486 245 277 1 472 396 772 132 351 181 735 65 519 775 157 507 796 265 320 96 370 462 682 460 479 698 80 446 509 771 266 705 72 725 515 717 731 126 425 547 545 783 194 761 535 598 196 257 550 51 488 621 450 559 229 737 71 25 697 170 513 465 259 163 454 77 504 487 503 521 769 502 404 616 45 525 58 726 86 476 109 288 100 327 441 756 279 338 433 83 117 495 32 139 151 24 602 400 592 530 799 339 622 600 762 604 680 94 93 337 263 672 675 501 175 206 47 778 26 690 451 614 232 158 223 316 254 56 665 542 779 795 303 317 304 647 673 301 70 751 91 499 313 188 111 685 416 18 133 676 611 638 563 54 597 493 579 101 794 165 387 490 418 116 23 646 648 774 197 12 8 60 481 619 708 321 187 191 729 554 143 714 711 286 145 706 375 246 444 447 720 719 674 716 31 227 489 548 469 136 733 285 79 584 594 332 505 627 236 603 242 48 106 688 382 57 335 261 427 2 595 763 195 601 615 251 784 518 152 781 296 347 342 267 491 210 686 90 655 754 108 384 474 739 372 480 571 445 656 628 645 217 768 582 127 529 724 87 431 215 130 745 183 120 483 475 302 243 668 146 310 220 591 694 105 153 636 417 537 27 202 256 176 569 642 741 184 551 388 274 662 319 82 773 389 510 39 788 123 3 62 235 49 421 6 248 625 272 323 36 352 514 732 308 438 511 334 426 107 238 305 738 574 369 730 526 549 201 326 92 282 477 657 536 33 64 409 452 744 341 422 250 397 748 17 16 216 212 567 104 660 228 753 798 237 218 360 710 728 414 767 193 635 173 630 276 497 233 667 122 40 134 192 67 669 129 406 125 578 709 721 401 403 407 34 415 5 626 552 439 363 410 89 186 312 468 291 599 297 654 541 281 629 21 523 555 420 0 53 88 13 160 15 74 608 624 343 7 534 118 161 356 430 121 696 612 539 440 273 588 666 234 596 35 702 661 572 41 736 344 255 434 566 131 560 782 538 180 366 715 102 330 540 607 385 395 231 678 211 95 570 240 177 561 617 456 658 179 639 331 392 222 573 164 419 377 239 609 307 155 166 244 787 464 408 373 663 797 140 683 436 22 350 394 558 142 162 752 577 271 99 412 528 345 189 306 98 208 790 328 141 290 68 546 633 789 390 349 81 219 681 252 693 576 249 776 610 182 110 631 581 293 516 587 28 43 557 69 740 20 520 650 190 30 780 517 135 329 361 699 247 378 275 137 309 707 159 506 119 61 144 322 498 37 10 605 671 532 398 268 659 292 9 713 78 333 747 643 171 742 55 679 467 314 73 653 496 264 359 524 632 386 357 38 299 253 760 300 700 637 336 792
663 149 306 741 592 604 670 847 444 230 840 710 334 657 700 317 836 639 372 395 542 423 433 109 177 646 739 801 694 871 91 634 381 320 641 441 378 429 683 860 459 61 659 101 733 172 39 590 509 875 731 898 278 38 770 100 448 189 464 763 825 18 539 676 250 74 153 505 460 522 788 601 141 894 885 830 584 866 307 231 880 266 310 197 416 628 518 480 540 572 765 486 669 405 407 426 651 371 417 851 837 606 129 529 370 274 102 145 513 323 686 201 520 603 545 775 821 207 876 27 117 71 732 293 309 355 0 893 879 169 650 548 668 583 685 861 51 158 442 555 495 580 813 215 1 487 369 187 515 533 55 811 820 26 891 637 47 645 447 136 399 78 662 42 688 333 193 151 352 53 179 131 346 589 68 90 302 472 767 411 134 490 782 124 276 615 579 93 424 567 325 66 430 889 235 546 264 200 450 504 138 84 81 54 566 244 263 258 382 512 327 552 737 437 50 33 43 62 294 743 408 749 882 366 182 621 772 377 240 793 596 380 769 37 899 356 776 595 578 76 537 714 510 564 624 249 742 497 24 551 677 140 783 610 148 466 492 261 483 94 58 829 612 123 88 631 653 49 598 316 562 633 488 713 114 591 253 267 758 421 338 75 97 726 794 203 432 374 362 475 599 108 824 321 839 873 703 752 773 332 16 627 420 750 389 348 600 298 656 867 318 508 702 183 45 746 379 709 849 585 409 597 299 282 345 186 210 571 693 259 890 341 814 745 10 465 268 347 751 22 305 113 118 761 690 431 445 142 271 196 570 674 557 387 784 553 781 453 397 886 373 470 191 461 211 474 110 892 87 104 779 527 617 535 344 616 785 398 326 311 234 822 32 358 297 222 4 468 119 725 568 857 707 157 756 717 848 673 802 170 496 349 747 375 160 587 859 156 120 438 360 897 412 716 192 467 817 285 296 594 384 314 771 730 754 523 789 162 874 614 502 766 722 435 330 221 60 728 692 328 632 41 491 64 786 608 103 672 792 9 233 82 582 353 12 31 577 286 485 759 576 798 883 8 383 419 65 625 59 828 414 155 150 63 111 132 696 339 313 52 727 265 787 456 73 823 107 780 40 434 190 396 359 671 701 516 304 152 354 463 36 691 176 139 376 80 219 287 242 351 288 413 803 834 216 69 473 844 649 402 514 816 440 451 246 494 526 842 34 194 720 79 863 586 665 660 724 128 357 205 455 869 561 2 718 511 681 312 3 77 852 878 17 243 865 279 159 807 735 778 248 213 272 270 236 666 489 443 410 365 168 622 146 870 44 96 204 46 868 342 238 202 56 774 255 21 6 20 723 229 217 401 400 462 324 652 636 481 284 544 19 301 827 538 506 133 422 425 791 361 684 695 640 647 667 452 391 144 521 757 173 835 188 626 478 618 809 335 439 642 116 454 418 689 390 896 175 385 532 367 275 855 181 29 48 178 143 654 812 593 815 705 251 755 427 556 232 800 280 394 687 503 620 198 476 832 623 92 28 247 154 729 888 23 180 147 697 854 877 209 260 810 797 25 292 524 560 13 72 706 698 388 629 106 613 574 135 748 482 7 680 241 195 98 753 336 768 70 386 833 446 308 563 679 838 137 499 550 127 795 607 428 245 252 14 736 164 303 884 711 658 517 682 843 831 212 530 799 643 185 290 619 364 602 853 199 805 611 569 704 99 329 804 449 225 818 678 841 777 174 57 214 67 565 543 547 498 501 528 721 609 30 331 166 588 105 664 500 845 121 581 319 337 171 519 858 559 368 15 554 283 471 808 734 220 819 764 115 638 392 85 125 806 403 715 35 161 126 86 862 719 257 295 872 675 415 856 605 256 864 531 493 549 163 507 644 895 575 404 850 469 11 224 289 457 277 223 458 406 340 184 5 363 790 226 300 83 558 479 122 393 315 227 350 762 281 630 208 167 699 655 254 130 881 541 534 744 740 206 846 95 525 269 708 436 89 484 760 343 165 477 738 635 218 112 536 228 887 648 291 262 322 573 661 239 826 273 796 712 237
448 31 907 293 155 521 230 502 769 385 151 412 331 826 689 381 616 28 590 131 317 210 172 634 664 815 106 720 208 415 68 43 156 446 295 757 697 316 124 890 708 811 180 294 382 745 426 270 988 296 289 25 635 573 820 755 909 302 643 166 515 881 290 852 176 199 287 908 91 977 356 957 949 390 577 414 940 844 970 488 976 138 662 350 901 161 641 817 15 164 962 561 277 772 868 114 726 431 360 748 343 424 948 489 877 104 617 10 245 856 352 896 226 97 402 747 186 722 280 224 95 107 189 269 916 512 397 276 609 990 378 525 265 999 309 686 393 952 592 103 768 300 931 830 335 394 373 263 969 221 256 960 392 364 468 71 589 905 849 555 371 88 824 196 834 836 953 899 698 509 574 923 773 209 823 372 758 232 308 703 959 639 409 681 845 840 550 480 55 105 829 753 605 939 792 462 519 985 596 417 994 132 85 291 67 602 532 492 469 624 185 843 690 944 195 157 859 22 236 188 545 456 927 387 490 251 193 500 888 626 237 17 411 33 911 660 734 673 656 242 41 212 642 687 112 526 902 2 777 165 796 775 471 510 530 340 477 319 260 628 581 735 548 998 255 593 143 578 310 604 329 170 730 799 365 750 671 430 892 82 572 640 650 621 100 511 361 197 12 837 618 831 813 928 54 603 254 416 472 79 384 407 70 259 727 96 146 989 506 586 789 433 401 257 935 167 803 213 704 223 288 533 154 731 839 776 514 746 889 442 838 947 74 744 783 659 633 876 439 246 709 44 346 979 966 452 629 447 244 725 304 855 234 8 98 440 669 109 668 436 536 841 421 249 866 203 99 761 873 614 247 261 227 631 358 818 113 752 644 399 92 630 162 544 505 406 122 549 30 298 37 297 128 871 771 266 975 503 336 228 701 437 435 563 93 36 872 125 110 974 383 84 5 179 739 972 713 127 696 932 359 465 136 615 130 795 654 721 273 882 565 558 537 487 141 205 712 117 375 929 531 324 785 570 584 231 459 786 89 220 754 374 942 461 441 732 848 801 307 159 49 718 851 72 150 306 858 243 917 135 832 539 338 522 51 591 313 560 933 516 569 473 314 674 367 594 678 576 649 622 946 542 766 216 24 717 915 702 142 408 598 870 444 423 557 137 326 123 833 53 737 875 568 965 264 275 318 914 198 376 334 111 700 496 535 955 645 694 879 182 610 501 102 638 140 83 874 46 139 178 688 483 497 476 403 3 878 607 388 398 893 806 129 342 958 52 842 559 190 733 710 863 951 925 183 429 348 850 910 680 457 677 174 262 4 29 743 513 202 56 6 320 50 48 778 201 808 339 924 363 344 608 268 968 217 175 646 152 14 410 284 987 528 812 518 597 434 211 580 453 207 495 706 428 805 474 332 466 588 716 252 144 791 527 283 200 885 78 57 632 652 627 145 184 258 551 377 240 520 149 930 171 742 665 458 222 32 60 759 148 66 547 729 241 219 69 751 655 620 606 405 982 575 943 65 119 62 779 427 322 486 898 886 479 80 903 250 13 20 683 926 991 854 18 484 494 860 997 862 788 311 821 571 798 349 504 337 676 810 587 625 529 191 894 794 684 463 35 891 619 847 169 101 351 784 61 400 192 540 922 239 235 950 978 707 214 380 115 438 936 693 333 134 389 274 612 760 87 153 667 94 158 282 475 238 305 27 741 81 666 218 767 807 736 524 816 756 271 912 647 353 546 945 937 327 900 585 705 554 278 355 328 864 233 651 443 77 63 802 556 347 770 579 853 995 763 699 279 482 215 303 357 904 419 685 368 206 765 59 981 781 464 508 321 835 543 623 636 971 386 865 173 822 804 782 919 121 272 345 657 938 493 719 460 481 599 267 90 418 285 432 73 740 225 613 963 825 724 312 553 867 248 764 762 913 301 379 413 692 449 846 40 168 780 538 774 445 567 980 177 133 653 897 39 11 920 675 723 19 934 992 883 714 467 370 601 253 661 827 967 160 286 163 281 819 7 682 728 395 986 454 814 918 491 670 672 451 455 983 194 362 961 108 425 956 498 880 76 595 21 126 16 679 658 23 181 964 64 147 229 45 325 582 738 292 391 695 600 422 0 562 906 404 499 1 857 996 564 809 921 204 42 552 895 541 478 715 790 517 828 396 187 315 450 973 323 341 47 507 34 749 884 787 611 58 9 299 38 120 86 861 954 691 941 118 534 993 523 637 648 793 887 420 583 116 354 485 711 800 470 75 797 366 330 369 869 984 663 26 566
972 552 365 1057 38 968 1148 1115 635 238 161 564 200 956 369 490 733 475 1041 533 1473 1378 1102 410 1104 852 234 570 674 1415 359 1402 1268 1183 1308 436 933 1067 1195 1015 1450 1113 614 645 1254 1146 220 1155 326 1310 334 693 463 610 150 660 1333 873 748 1119 905 1482 757 383 1221 1335 1157 876 1101 249 1407 1094 1489 1386 835 1199 997 1062 951 426 1269 1207 451 406 1334 592 627 16 99 290 1338 1481 1375 1255 1077 1029 514 596 594 1454 1491 11 1080 892 478 752 121 437 799 861 824 976 479 62 119 1230 1299 1307 455 467 875 697 695 505 160 1395 1033 1192 893 772 132 1266 867 599 664 423 811 355 1143 650 1369 14 230 1044 691 344 1271 1248 395 542 930 598 352 831 1134 1490 1085 1087 1244 1018 1179 172 834 458 77 1298 335 171 445 1465 1182 504 1038 360 272 1121 884 895 279 1304 569 708 1216 1498 500 221 522 1001 133 438 511 1383 670 435 1167 325 1205 1240 948 268 1432 333 471 288 574 434 1394 196 962 510 1231 637 388 825 123 870 1295 89 364 321 264 993 177 1458 15 1258 1288 885 1453 845 615 195 1469 1361 1053 963 555 405 223 1133 302 1078 231 941 191 1348 671 47 912 419 477 1234 1374 1175 990 559 1274 128 93 315 971 609 566 1030 1091 1425 682 508 807 704 986 747 838 1013 174 1373 341 814 575 104 83 394 1441 1259 1327 151 218 1260 1154 45 188 1382 482 1439 591 853 1099 1017 629 1212 806 145 1267 204 1096 157 1457 792 109 585 530 946 851 285 253 190 59 252 572 657 1010 639 72 958 634 789 580 688 1164 91 919 1483 1463 380 1339 1413 631 209 481 1166 32 222 918 839 1128 661 1090 403 154 1132 309 1131 64 736 178 1144 1306 466 158 275 351 1003 331 260 887 677 408 44 581 1189 26 1065 826 137 775 754 1496 1081 1061 35 1355 131 942 1016 921 685 952 250 414 1253 102 274 507 794 1218 606 1445 1456 810 966 354 0 448 303 1108 484 358 411 447 328 78 1037 95 846 1276 711 330 10 745 378 1315 1047 1188 348 189 401 953 771 786 8 1141 1206 424 802 180 280 31 1464 23 254 50 678 897 1312 1353 367 617 624 776 601 98 764 1281 872 1470 589 1040 1227 1024 363 1151 139 1135 668 256 1376 847 543 1485 20 293 1098 931 339 612 643 540 1292 1241 689 1052 573 297 25 582 1021 461 181 1214 739 583 1449 673 519 81 705 444 974 456 1147 459 485 903 586 373 1360 175 94 1139 453 1391 618 900 1203 313 1071 1478 1074 901 863 34 516 1208 1142 584 987 613 1116 547 432 630 173 964 277 1163 258 162 170 68 1290 39 205 860 1403 243 241 24 551 646 278 947 1245 1398 1118 827 703 621 199 1070 155 53 973 830 515 217 120 1462 622 271 854 67 656 113 687 431 409 1366 798 117 27 1294 1389 207 633 284 1034 1125 783 813 836 1362 717 659 441 955 1226 142 737 1152 28 632 237 65 916 392 63 653 1009 1377 97 417 724 1390 1326 382 517 803 770 1246 262 819 1109 374 1235 746 1311 486 597 450 202 106 815 888 1171 336 273 1210 1011 1056 389 1239 312 1149 1388 762 332 203 296 295 349 465 12 690 871 568 840 512 476 338 1201 1127 17 416 1129 1414 492 167 855 60 981 1220 722 1303 949 1396 1302 1400 1063 1064 1289 397 497 742 1405 616 605 1428 43 571 626 52 684 686 994 1172 257 644 90 925 1467 890 337 105 780 1224 767 246 604 970 400 778 979 692 984 1438 679 939 1297 357 1211 1436 375 553 1381 215 832 975 1190 1051 4 1122 1480 713 1270 1237 82 857 649 1347 996 667 929 1 759 1364 1466 896 932 714 1421 701 526 730 1261 910 266 710 874 642 491 469 801 7 524 560 1318 1229 422 1007 118 850 324 732 421 1472 1417 198 593 848 1443 917 788 1365 636 1054 194 983 1340 907 787 265 1049 1263 602 1305 259 232 75 1497 886 493 71 781 681 1320 1222 816 943 1036 327 124 1476 766 978 37 719 608 1444 1097 80 1354 473 1352 729 868 186 1209 923 1293 1495 945 146 1479 866 698 214 270 723 468 532 76 428 1273 1452 1193 116 523 449 734 1300 1314 1031 1200 225 211 891 1324 1177 998 88 1215 442 883 562 548 726 495 1043 163 1138 934 1233 1181 1329 503 1073 763 902 267 212 531 864 149 299 282 915 829 1423 74 1187 1341 1140 808 370 1411 208 48 579 1168 1068 926 1219 936 623 513 791 753 322 1486 41 169 114 828 372 1346 379 720 1455 36 347 1059 607 40 184 1028 1309 1060 130 651 368 316 136 1130 1159 413 1014 820 342 1474 1380 115 496 712 1176 982 1316 1137 817 1196 1202 1185 774 648 751 913 969 418 1301 1429 843 1282 1291 276 269 842 310 197 1344 1379 3 809 590 487 176 525 1287 537 1350 800 454 244 1330 1430 927 535 546 242 823 2 1385 371 440 141 1410 709 460 1349 489 869 755 1008 446 1023 544 619 291 1005 1173 1103 1120 402 744 1256 967 233 1123 881 18 42 1184 148 1162 311 1488 430 554 483 166 307 305 950 518 707 248 439 51 1072 937 1283 1265 600 1368 144 1161 54 29 588 314 386 666 236 227 501 1337 578 57 255 534 1468 725 1332 84 1448 940 129 306 699 1493 790 1153 216 1124 1257 1114 263 1250 1249 319 301 1110 1461 1342 858 1399 1323 683 391 965 908 79 977 991 283 696 187 527 669 294 235 19 675 1442 1083 680 620 412 565 1321 9 192 1066 502 298 1419 1477 904 768 488 922 427 672 652 399 1002 300 1422 1180 1027 1487 396 1217 226 1328 239 361 844 1095 750 1048 143 663 1105 1145 989 1384 1084 5 924 1020 1050 86 247 376 980 727 433 743 833 1494 665 960 1492 1225 1186 765 1277 728 992 1434 494 70 899 1416 329 640 538 1431 443 959 1372 655 577 738 134 889 179 731 898 865 1213 1046 286 785 658 1106 390 21 1359 46 920 805 1112 1032 641 452 304 1169 718 1408 385 849 387 362 1412 1317 1232 773 1204 1252 1264 229 1092 1460 721 1446 1275 911 1284 159 213 796 404 550 1088 777 1236 110 1223 393 1000 1082 73 859 429 509 769 1363 480 1158 193 549 556 1331 1392 1426 1126 1280 954 1356 1178 603 545 894 1336 1319 224 638 407 749 821 1075 1089 1409 1156 1440 1107 498 201 356 558 152 49 1174 716 1191 1198 706 228 287 595 1069 1272 127 308 55 1160 1459 165 1004 1371 1343 654 804 1351 1117 281 126 818 1279 1325 122 499 521 506 740 415 147 1433 715 1076 567 758 219 22 317 1313 66 1039 1228 812 138 96 1035 69 1093 879 343 185 323 1012 1427 245 882 935 107 377 1401 528 795 784 61 529 1345 1484 58 240 1370 13 985 125 1406 1026 1247 841 420 103 1170 1019 1197 1397 292 318 1420 210 1086 539 541 877 837 1165 1111 880 30 1393 346 628 108 183 914 611 101 944 1424 140 520 1243 251 56 1006 398 1058 1296 289 576 1262 587 625 662 1278 1367 1242 700 988 1358 995 1055 112 1357 457 961 1045 856 761 1150 756 1387 353 1499 1079 33 536 350 1136 261 647 168 156 1447 6 320 735 1475 928 779 1194 135 164 1404 1435 1042 561 472 1251 1022 1286 702 1238 381 557 1471 464 206 462 100 797 1322 1437 694 425 384 862 906 999 111 909 938 1100 741 878 782 85 366 1451 470 153 822 1025 760 676 1285 793 1418 87 92 957 345 182 340 563 474
354 1184 994 1169 206 1368 614 528 94 1753 642 830 1513 1193 409 1782 1665 449 276 1953 1323 1507 1926 997 920 1438 833 244 640 1904 485 1076 880 1543 1233 593 50 591 1728 1891 1040 1035 1592 973 1473 1727 1817 190 857 1501 1762 1293 1222 1694 916 418 164 1297 1680 1910 1096 1052 972 98 643 602 876 1480 1055 431 1658 65 1380 430 1896 768 95 211 374 568 974 318 1458 992 1932 242 1243 564 1674 558 307 616 1675 787 1211 623 1632 1899 1341 688 1155 521 1511 1824 509 504 998 1277 1400 1700 1390 1310 748 936 330 1259 1529 881 295 141 522 1181 1565 300 201 342 927 869 847 1371 1556 1706 749 395 1257 788 1001 1699 1188 1420 99 137 258 789 796 1867 1793 1241 682 1722 1510 1463 981 1634 1849 81 1721 1730 14 139 1372 1973 1583 355 848 274 1553 958 197 828 926 1452 1287 632 1779 1922 1478 541 1444 1482 1467 1786 700 1198 1785 863 332 1362 1256 822 1541 921 1555 110 617 1915 142 158 1366 1421 507 1844 34 520 1248 0 1892 1711 1913 414 386 1631 358 1955 1769 685 1750 1106 162 496 589 1204 725 1208 1781 93 156 196 1131 1845 1007 562 1677 1834 817 182 505 1382 951 1135 756 1356 1229 147 462 676 1399 291 299 1848 1414 1776 1056 1917 1215 5 559 338 83 1180 227 548 1036 1315 1708 1415 377 1516 1012 1236 1613 764 953 1023 826 325 801 1825 466 163 1339 758 1113 1385 832 1152 109 453 144 1031 598 1668 1091 337 1669 186 1739 334 774 1880 1709 1175 1719 1459 908 1296 1137 1178 966 194 1983 1760 883 491 1128 872 1125 903 1538 1494 73 1393 596 1479 1342 1004 75 752 705 1748 1679 658 1084 986 74 15 696 127 16 856 1337 1177 1219 1812 1104 777 615 130 928 320 793 1690 1826 1300 875 1029 54 1325 1756 1110 176 1064 1127 1638 44 428 326 1304 1854 753 722 203 37 1332 212 161 1094 437 1682 434 943 575 1242 1759 1093 494 1627 284 941 107 834 659 802 1077 63 138 671 1787 1847 1715 1645 1935 399 1905 1964 26 1766 1328 1407 364 392 442 716 900 1456 892 1082 959 1916 866 1199 1923 1876 1263 1886 851 1465 115 380 1105 674 645 1306 150 622 487 537 948 1445 480 1958 1989 934 1550 644 1221 8 1260 153 650 1621 1044 1037 1619 1237 1919 1997 1589 1573 690 1895 1043 1472 1795 1244 1788 879 76 1437 1046 597 736 33 1072 1881 1112 1299 290 1357 843 273 1856 1430 1798 574 1508 440 978 1288 982 1316 1492 961 362 1194 874 761 878 3 1777 1144 1536 841 1907 667 1971 1034 1575 1629 785 763 1587 122 937 1417 198 1375 1132 49 309 1028 1369 1952 169 641 1664 1651 680 292 277 561 1156 23 181 165 1948 359 1439 1195 241 1990 1648 1173 1870 441 1268 1608 308 684 720 1868 1607 1111 1334 1490 635 1563 1767 1218 1497 1943 1532 79 385 133 827 224 1061 1468 697 1351 1965 80 131 209 1949 193 765 1289 410 503 1447 1757 2 1279 328 1367 566 48 543 228 1566 1551 780 1412 151 1582 738 1584 1436 969 970 1398 867 553 1231 577 518 952 1796 1518 1547 1201 238 1741 1352 1893 754 949 475 1502 964 1749 1823 1520 329 1451 1460 1559 689 1982 1427 1642 894 1705 1429 1683 353 1070 1282 1833 1656 1285 1267 356 1630 215 1303 1864 795 960 9 531 1324 592 126 1662 1350 595 840 664 1974 1591 1493 1209 1397 483 728 1039 476 799 1446 1927 1841 1643 279 482 457 1191 463 1558 396 1228 113 1818 1672 357 1335 58 1389 1986 1783 942 1374 1476 1133 1850 1009 155 101 1661 1951 860 713 1911 1087 1119 647 1255 910 91 1542 838 779 220 618 732 1238 1475 1933 516 1448 84 365 255 1723 1747 1586 893 1408 1020 378 246 1499 511 1015 489 1976 977 1384 263 1906 1562 1918 11 1602 1440 416 1088 824 341 1124 746 1514 729 819 1424 1794 1996 649 968 885 1103 1995 1802 383 56 297 25 619 899 1968 268 677 1860 510 694 262 4 1537 1857 1866 1042 456 1365 1614 1937 708 630 1312 40 1165 808 955 1846 1791 243 1395 624 1404 1364 38 1557 907 1628 1660 1882 565 1187 454 1347 402 693 1069 1653 1154 59 702 1686 432 1057 1239 1163 1182 382 613 470 971 904 831 1956 1687 540 184 1930 397 1443 1314 1048 1500 149 1799 501 865 1618 1186 666 1814 254 1291 1735 530 772 384 92 1114 1526 112 390 1454 1116 1554 1869 1810 1066 1620 1600 445 536 498 123 1326 1142 1821 381 43 854 288 296 495 1100 1852 1993 443 1947 512 1097 293 1214 52 991 1338 1252 1599 1092 1519 117 939 102 389 1098 439 1309 345 1317 61 742 662 1361 1318 160 419 896 464 1284 1292 391 845 1816 327 743 1535 1804 269 427 1897 1063 1994 174 1425 1701 669 1609 1147 425 336 129 806 1161 1431 436 1059 1413 226 1379 665 1540 1450 36 1963 1920 1506 1345 723 1836 1134 1120 1392 1410 1564 134 1010 411 776 1258 670 304 517 790 1391 695 450 560 1197 1745 452 1579 1139 426 1455 1224 420 1789 1729 159 1003 1815 582 267 188 1461 909 408 891 814 673 486 1049 1716 89 739 1655 500 656 931 1270 1503 639 372 1758 1707 237 1434 611 956 1900 1081 253 603 108 124 1934 897 1879 1432 1376 1797 210 1086 120 698 519 1065 1966 1808 394 1150 573 1075 993 523 1355 1560 888 1681 967 979 412 363 140 648 711 515 1890 447 629 473 965 924 545 118 1855 225 701 1047 1944 554 1426 627 884 1570 1667 493 938 1552 1491 557 1442 1089 1343 719 1423 1533 963 940 90 1644 1885 1363 446 398 1225 1853 1079 1914 1000 983 651 1024 1925 100 323 1409 1167 1406 128 852 1604 1160 610 709 29 636 1217 791 1539 1960 1626 371 730 245 620 1936 1141 770 143 578 1294 31 807 890 864 433 106 1623 287 1752 1784 1972 1572 1580 1517 1489 1246 1136 653 999 762 902 809 1032 216 1062 119 249 727 484 675 1978 1205 1022 335 1624 469 784 1115 361 417 367 652 621 1720 1235 41 1585 321 1377 660 734 1689 1050 1523 930 1576 1678 20 1018 21 1725 404 1336 1123 1213 803 223 549 988 1286 797 906 13 213 805 1742 853 1979 590 87 1740 278 1593 947 569 1388 369 256 1657 1223 1970 1612 135 917 1283 1616 18 1702 1822 1280 882 1126 678 1387 1597 1370 1250 82 1340 1477 1615 347 1486 492 351 1567 1717 77 1053 1546 1108 1961 1617 1249 1449 1527 820 1381 1525 1090 1838 877 1903 1153 1232 461 148 1330 944 850 1348 47 170 1595 1265 1959 783 846 333 42 1373 1274 1073 1568 1313 1790 1775 471 370 1894 12 1118 1650 759 1276 1220 604 32 28 407 792 393 1610 189 1164 1764 69 1515 208 995 1099 1203 1038 64 1107 360 871 403 1929 465 1859 1670 305 1654 1548 179 1731 1322 757 319 285 1174 710 751 1441 1574 104 1344 996 1883 1183 925 514 508 1734 1984 1051 914 1266 975 1378 97 646 587 1803 168 599 794 1307 1801 1311 1168 1074 525 1877 1026 1831 96 1054 1011 39 1957 1483 1078 1928 1484 154 116 1216 490 387 1138 70 301 1773 1771 1396 1469 67 584 570 272 1121 1778 1017 1908 1251 1528 1196 477 855 86 191 1170 261 1703 1273 539 266 1998 608 314 373 1109 668 1646 811 1129 935 1888 1755 538 923 281 311 1512 405 1405 1695 1071 455 1754 313 572 984 235 481 60 1800 1977 231 1411 145 502 679 1774 1549 66 547 183 1938 178 199 1987 1202 478 348 1697 837 257 1666 400 192 704 1401 861 302 922 1226 376 550 195 1466 1698 388 556 22 1718 1726 1275 316 1143 19 234 1008 1545 915 1710 1422 185 987 1921 340 1530 1013 250 663 532 204 121 1354 862 1761 1122 1298 438 1828 1146 177 1980 1117 27 1819 1601 1272 239 1945 219 912 1835 68 1320 1159 218 712 586 298 1030 1416 1016 379 1969 945 1696 264 1641 1148 275 146 1264 157 1981 588 699 270 775 524 312 472 1428 929 1924 1692 529 339 488 217 30 1768 1633 167 1487 460 601 1453 1813 306 1158 1898 1333 1693 1780 612 429 1931 171 1590 769 886 240 839 637 1872 1349 1247 950 1673 1811 1166 580 1611 468 1744 1830 933 657 180 1470 1999 1622 1045 655 1464 800 1807 1488 1534 1080 1691 1863 895 1171 35 628 1295 421 280 222 1418 1884 458 594 1652 1210 172 634 1302 1561 247 1290 1637 1331 1261 786 459 741 1027 1095 1909 1684 283 1200 683 1544 715 1305 870 444 282 804 782 1495 798 571 581 1068 1192 72 585 1636 858 1172 166 555 849 317 654 744 898 1471 1842 1505 1498 546 1578 980 205 1988 1521 1827 1912 552 10 1245 111 989 1176 1301 1329 1101 1485 413 1647 1230 687 1765 1522 691 954 633 1770 692 717 303 1832 1967 1704 781 1308 1950 1058 1002 1962 294 251 229 175 606 479 607 1102 1319 424 310 286 932 1763 1806 125 1688 901 535 1403 1738 1676 17 714 322 626 252 1212 1577 350 1772 1206 842 78 57 1671 1262 1496 1663 1581 1085 132 767 1240 661 815 1402 609 990 152 1253 1457 544 230 55 755 513 1157 1481 1019 681 1041 533 766 810 1751 1606 818 1732 346 816 7 1190 733 1902 103 583 248 526 1433 1724 1746 771 1851 600 731 236 1625 1649 812 88 1207 1954 576 707 401 813 1509 499 24 551 1820 448 1419 1862 1151 1829 105 567 1386 202 53 1940 1605 542 375 1145 873 760 1060 605 232 1635 1140 1941 745 1383 422 1474 1743 976 1991 1985 423 1736 836 352 136 735 747 435 1685 1837 1871 1359 1346 366 207 889 1254 1714 1 1942 344 1524 737 45 638 625 1889 506 672 1639 563 1839 1281 1809 1278 259 778 265 1596 46 859 1805 1975 289 1659 1875 71 1946 467 825 724 985 415 913 173 349 85 1737 260 1227 1603 750 962 1321 271 1640 1733 1840 1861 331 1843 1271 718 1598 1901 1327 1713 474 1025 1353 1083 1021 1873 918 1358 51 1792 706 740 200 703 406 1185 1992 721 919 1594 1504 497 343 1435 1067 887 835 1939 1269 233 1149 1014 1858 1588 1189 1462 221 957 1569 1179 1874 911 821 1571 1531 823 829 946 868 114 726 214 773 1005 1878 1360 1865 1887 844 451 1712 62 527 579 1234 905 368 6 1394 187 315 631 1130 324 686 1006 1162 534 1033
617 750 1048 643 2040 2108 486 1899 1649 1101 2189 36 201 448 2069 1926 1756 2133 1015 681 2232 1060 1653 698 1729 906 1936 199 2464 40 1534 2018 951 423 867 421 547 2061 778 1640 1142 208 2220 834 1193 1662 2304 2130 2055 1420 103 1170 2409 1066 1055 1809 779 696 2370 2295 1755 993 2088 919 1931 143 632 1528 266 2180 2392 574 978 1537 702 552 914 1351 1718 286 2181 708 87 1445 375 1341 189 2172 462 823 2366 1660 1395 536 816 1334 2341 625 2467 404 1377 204 1172 494 934 1183 963 250 1583 1195 2406 566 506 2138 2434 511 1976 829 1766 2491 670 1383 616 347 1986 41 116 896 1743 477 1791 1690 989 2166 2433 213 1167 1041 554 1788 1933 2167 2028 496 1825 262 633 2404 2351 101 1389 1236 705 531 1521 1035 841 640 895 949 68 2470 2400 1596 1932 1989 860 2376 2019 84 679 1140 1863 69 1695 700 259 1327 968 2215 119 2068 37 1384 621 437 1527 1166 236 636 1837 105 583 2126 367 1347 403 2056 1753 588 2456 337 1044 691 1204 1611 1790 1345 146 2048 1786 701 814 1075 1294 727 1091 538 349 709 93 351 878 2017 1864 781 139 2101 1444 1371 314 537 1259 1459 812 1599 2164 810 589 947 1299 432 345 1330 824 1465 1408 642 361 397 2071 1551 391 2420 917 1059 2443 2031 710 284 697 715 1007 1277 605 501 1951 64 1206 733 2372 1488 374 2347 1453 1564 240 2455 371 1343 2313 955 1124 2205 1721 1606 1613 512 461 503 161 564 2050 703 376 980 907 516 1680 399 1447 1156 1370 2391 1446 1540 930 2081 1222 1644 1338 1265 1423 269 1871 98 2204 2116 368 1251 1325 405 1217 191 354 229 545 2257 1227 737 444 2021 1907 1211 289 1501 2442 1231 2325 2039 1906 747 28 1275 316 1470 1385 579 639 572 1102 797 975 1432 1016 2263 942 1332 627 44 509 1880 2430 2002 2466 1764 1208 1271 1897 1032 848 2210 1971 2217 396 590 843 2282 571 1468 870 1875 2016 783 1924 2273 2276 408 853 221 936 740 945 1146 2136 2312 1590 1925 694 2024 2413 1749 366 1688 1882 758 2318 113 1483 1700 813 2338 1658 390 305 218 331 1957 1709 1855 1639 140 83 2394 1427 1949 1333 2160 1367 1636 56 559 1988 2449 2403 1286 493 576 892 1147 858 866 2161 2365 1563 174 603 70 1657 678 62 1304 1802 742 1517 2225 2260 414 2110 2429 1535 950 1018 1093 2216 1191 2422 1545 2200 833 2112 1036 285 1115 944 635 1942 485 903 1481 30 2241 2368 1238 921 2279 413 667 1134 238 1634 789 967 1603 1324 806 441 1215 1608 2445 1891 453 1087 772 5 1873 491 1469 799 1601 1089 212 629 112 2201 1727 431 1187 402 1620 680 1374 659 704 1473 274 166 555 387 302 505 2038 1267 1869 732 1229 1617 1228 379 2119 1201 548 2076 92 1940 1113 523 2032 739 2150 1478 764 74 840 1287 766 261 363 90 277 2332 1309 1240 1502 2330 11 805 1814 543 310 1354 386 2414 1086 2354 450 336 1835 835 1511 2383 1630 298 788 20 42 641 539 4 2047 225 760 728 1702 763 2125 1642 2237 2289 1823 1841 1518 1122 1017 1065 1828 1070 1684 1643 1849 1482 1458 2107 2480 81 1117 2178 638 2197 1337 1454 2487 1635 592 164 911 899 16 1062 997 2440 977 1950 1600 2297 1944 2251 1386 1513 1733 2362 47 598 926 2113 2396 1780 2053 2459 674 1415 719 1805 2322 2014 217 515 2426 1761 2315 1152 483 2001 328 1692 178 724 1293 796 433 1546 999 1895 1498 123 2384 586 2132 25 577 1706 1516 1673 1433 998 966 1364 1311 180 283 2142 1084 1559 215 1046 265 1119 2246 565 1715 1981 338 1112 954 280 2005 126 2188 1404 2288 2248 991 734 1442 1747 1398 1118 159 1941 1533 385 1249 1579 1854 1030 581 295 973 533 550 807 542 23 1842 1068 1670 818 1919 2439 1821 1509 2290 481 272 1242 743 2488 247 1542 1672 2319 141 1629 1414 72 1174 2218 2182 318 964 1569 769 1396 2415 2256 2140 746 2224 1819 875 1131 652 59 1865 2165 309 2098 502 1298 996 211 1416 798 1164 1667 2381 1496 197 1058 2006 800 1024 184 1860 2340 2382 2175 291 276 304 569 263 2041 2078 2227 1313 2203 1987 1714 1681 465 2012 1460 2397 1654 1440 2395 1373 1674 1359 557 1155 965 2254 573 1279 839 856 1910 656 1965 1866 2453 380 115 89 786 219 2148 1523 2329 1471 1192 1179 2441 1552 442 594 1096 1438 267 712 1365 242 2475 541 1039 176 451 729 1604 308 646 2428 1184 665 388 1323 1806 620 1237 1785 915 1477 535 2389 1557 381 943 38 504 65 880 2052 1175 1538 170 1787 811 988 668 478 634 2250 364 1522 1082 2023 1431 1831 394 257 1857 82 2057 1326 1283 1000 124 1632 1913 1412 793 2335 313 1952 1915 1097 447 1829 1013 1419 1799 2416 808 1555 1769 1558 2100 847 1902 1991 188 1914 2262 2120 452 1669 1541 534 890 1397 1197 2477 149 2156 1350 1739 1169 1575 979 1977 2221 1905 2432 619 1677 551 1076 9 1618 393 114 1868 2191 2407 31 264 2146 1435 2438 1651 1741 884 2358 738 2311 440 1083 1544 325 167 1180 2022 1554 606 863 1661 1069 2073 1321 2118 288 163 1322 1908 79 1903 1879 1994 1022 1943 819 1760 575 987 584 350 203 296 1257 2139 1962 1153 1592 370 2411 436 135 802 1947 268 1587 1697 2476 530 1827 129 1054 424 969 1624 770 415 384 1975 821 1028 6 2320 630 1588 2495 613 1911 618 2114 1705 532 409 549 193 1717 1572 292 2230 251 319 1935 2193 395 2042 1980 713 248 1349 782 1748 1276 95 869 1514 2211 1282 160 1813 1413 924 339 1450 472 2096 1728 1584 420 1273 1850 489 348 854 355 2186 2306 1851 790 1993 1033 1218 1302 400 651 484 775 2299 1798 1497 382 859 1972 136 1746 2346 983 1666 467 182 610 150 2228 1455 822 874 714 1223 1682 2187 2085 1406 1703 2091 1716 1803 2008 488 235 2472 718 466 666 852 527 1376 1774 2226 231 898 1356 2058 677 1177 1079 307 66 1402 1550 2199 2244 2468 35 1553 1244 2367 1379 224 1107 567 2162 243 1750 411 1358 849 1006 846 1752 1491 57 78 2266 1499 186 1510 1121 1288 2003 2134 1336 406 1645 256 1817 2194 931 121 780 795 1815 162 344 1577 1029 297 1922 925 1234 510 562 479 1990 2234 416 1698 1393 1953 1171 2478 1783 1772 1281 1676 751 736 1867 153 2184 1740 207 2026 239 133 1631 1407 220 1056 1594 1796 868 929 303 417 249 2314 2144 1945 2486 2350 2037 514 2124 2302 1568 1713 1108 883 828 449 445 281 2127 2229 683 1560 897 2326 1928 1525 58 2064 2294 546 902 260 1072 357 330 1352 1487 2151 252 137 2029 693 1973 457 1400 2168 1598 2285 2143 2157 1627 1591 1664 1464 2277 2402 1339 2349 2465 55 51 1582 1548 1736 1399 1797 2275 759 1441 1959 122 1602 1253 2054 1647 959 1979 918 1671 430 644 508 1128 2471 1512 2308 61 1284 962 1421 2214 2345 956 2419 595 525 2481 2121 1391 686 1711 7 1801 626 1539 1622 2291 2269 1418 1301 985 401 1858 785 768 1263 587 1759 2357 1297 741 378 1838 1948 2 1182 469 2390 2117 169 614 311 2185 1612 663 612 2451 1239 108 1744 290 2258 2208 48 1778 2353 879 1254 148 1999 2090 1366 1085 857 521 2095 1893 2427 17 916 2401 1696 1655 774 45 995 2207 2264 1428 1105 2270 2129 1830 771 1071 2109 1852 2094 43 2092 722 2235 2385 1318 18 282 872 2386 2283 1372 2051 2004 744 2457 984 154 1804 2060 1452 2417 128 426 1050 111 1492 356 662 597 2410 1261 456 244 1992 1719 1576 326 1280 1159 2371 2131 2444 1691 2359 1885 1485 1665 699 2280 684 21 1011 1362 422 1966 1707 1848 1720 255 1099 1757 2271 2135 2363 2463 1466 1463 2128 1061 2489 2249 1268 1008 886 147 317 2493 1767 2317 254 1782 1742 1574 1316 2482 1145 175 1921 971 1023 428 671 2155 53 49 1353 2462 675 299 2499 2323 1233 106 372 1307 1845 1615 1148 312 720 2212 1770 2103 1021 2245 1255 373 721 1531 1043 1411 2284 881 2013 1892 454 2169 725 672 359 560 1737 2423 474 526 1735 2418 360 476 1143 1196 2469 67 2097 716 294 100 1462 1826 637 1793 1918 2009 2373 1699 2342 2436 2070 1160 519 1771 2307 1679 1808 1810 1163 341 836 194 2356 599 439 2163 1503 2106 1844 901 2355 39 26 1543 1946 324 1578 1646 138 1524 1137 1710 923 1038 1144 1792 838 177 2179 1378 2473 1109 585 300 1360 1978 1320 735 500 1762 1789 1964 1500 29 1198 1734 561 1652 145 1960 1712 1285 1314 1266 653 12 661 1090 1103 1701 1111 1580 1429 306 582 482 463 2074 2286 1162 1439 982 427 2261 1136 1732 1641 34 777 2065 1508 1547 1616 1100 2331 1754 1331 2153 827 1213 888 151 2147 2333 1663 1138 972 676 905 787 1186 1225 757 948 0 1434 2494 1693 1403 102 1638 96 340 2485 1610 1597 46 1859 228 1566 939 1958 1536 765 245 10 1045 1961 392 233 1846 1226 498 882 1157 419 76 2087 1461 928 1969 2316 33 2036 831 1081 2196 490 1890 2259 1479 2011 1923 1258 2408 1775 1917 2079 1689 1178 2360 986 1628 1824 1807 851 1795 321 125 353 1668 1773 155 935 1686 748 2375 801 794 1235 1495 1272 71 2387 144 1708 2496 1203 2450 120 1683 1839 377 2424 1581 1034 1308 185 1982 2240 2337 1209 2446 1049 1724 1443 1139 1410 558 2206 1368 91 596 2296 1874 234 181 842 1409 1938 460 861 1920 1896 2497 2388 2046 443 2209 1303 1779 654 1300 855 1098 730 14 1207 2105 830 434 2309 99 2483 2448 2348 1781 1605 946 1843 1133 2399 1678 429 1051 24 1751 1876 1390 131 209 2231 1998 2080 216 2492 1954 1888 1005 8 2242 1219 2137 1853 1264 1020 156 2293 1878 362 593 1104 2198 1900 1726 1274 1449 622 1392 1135 2059 2177 2398 1002 142 19 2379 2435 2067 1758 1388 927 791 2243 1556 891 1214 2412 1506 601 301 1319 1836 438 2043 2223 1422 2030 1042 908 1080 695 241 976 754 152 711 1570 2183 1221 522 1127 1295 1340 889 179 731 1567 412 1355 50 1190 475 832 343 1800 2252 1154 628 1064 2174 473 1883 1262 1004 1417 1426 1074 2034 497 994 246 270 2272 2498 470 1185 2062 1571 1704 1967 2452 2305 1361 1811 2145 1768 804 649 1212 1312 130 2077 1199 1526 1335 1329 3 1077 1997 1816 1053 237 333 885 1116 1363 578 2015 1777 2020 1529 1530 1659 2343 293 2287 524 2075 2421 2222 1995 195 1549 556 767 1472 2010 745 631 706 1937 1425 1626 529 970 1725 1014 615 1348 749 2044 1161 1595 604 1094 1405 1723 570 1114 1847 1188 320 2425 1648 912 190 52 458 202 1088 1467 2152 2007 609 1637 2063 2089 1675 1609 97 726 1095 591 1877 792 909 689 127 1252 1310 2154 2292 1884 2364 322 893 73 2361 1904 2431 2072 2171 1881 1269 974 2202 1818 2377 352 77 520 685 1357 258 2447 279 2111 2170 1057 1031 692 206 1248 1505 2344 15 2490 2190 1520 2281 1126 1586 1515 1722 2159 611 132 1504 2369 198 1593 1984 1078 2255 528 1401 953 1291 1784 2086 334 938 2122 2298 117 27 1292 1 1200 864 2334 1614 1003 876 657 762 1532 1346 2099 660 1870 499 1561 468 1621 1052 158 1168 1437 1573 2458 2474 110 1562 75 1970 1763 2378 2104 1930 507 2461 1150 2219 2158 223 624 645 1245 1968 2327 2083 1898 227 1812 2265 2000 563 755 1956 1026 1202 1623 865 2213 803 2310 495 650 369 1278 2102 820 2195 329 1181 932 2324 756 323 1375 1270 1955 1731 63 1687 196 817 1656 1241 2278 707 118 104 253 88 200 1106 2049 2176 669 2352 1996 1290 1306 1894 1151 1305 920 958 1507 1834 1092 1132 687 2045 1430 1125 271 1141 2274 1205 1210 273 952 1856 1480 862 2336 1009 1012 844 608 2301 1901 222 418 1985 1130 1369 2025 2460 776 226 717 1820 1840 358 809 1475 1063 1317 600 232 2084 1912 922 1250 2238 1745 2484 1296 1129 723 961 327 1001 894 1120 1158 913 1490 1486 1565 2328 1909 287 1451 990 850 1189 1457 540 1010 1934 825 1974 1476 2082 168 1633 1887 1484 1916 2027 1730 157 1862 1067 900 957 518 2192 1394 165 214 1381 1123 1983 1694 2123 513 992 682 2268 904 837 2393 845 2149 455 480 1176 752 335 1872 459 1220 2066 464 1474 2033 1765 602 80 1625 1685 941 1380 205 2321 887 2239 826 1025 1822 1260 1794 647 2267 1165 275 1194 435 1456 690 1493 1047 1256 446 1342 753 1037 346 1889 937 32 398 13 407 342 1387 2380 568 86 210 1289 580 1073 1519 877 109 910 2141 1216 873 22 365 933 1436 623 761 1243 2115 60 981 2253 1448 553 1173 1230 1963 664 1832 1776 773 1232 1040 1589 492 1861 171 2303 1424 2035 2233 94 658 1929 655 2247 1224 1247 332 1619 544 2236 1382 517 410 172 2374 107 2479 1344 1833 2173 1149 940 173 315 2093 85 1246 2339 192 1328 960 2437 1607 2405 1027 1939 278 2300 673 1019 383 784 1110 1489 1886 1585 187 1315 607 487 54 1927 688 230 425 648 1494 871 183 1738 471 815 134 389 2454 1650
696 1370 1842 2544 230 600 100 1925 1522 211 114 968 2729 516 1208 722 1158 1310 2220 2772 926 2097 2337 153 167 2939 2163 1844 1116 2412 2983 1266 2080 2401 1233 1891 2124 776 271 1475 2876 1504 244 1364 2250 2208 1271 2938 635 2034 808 1688 2577 1583 2738 23 2683 2898 1616 2891 517 137 775 2990 1606 853 2595 592 126 86 1496 1466 1938 34 2249 2418 1273 2472 149 1757 448 2517 355 2725 2689 27 1423 1558 20 1287 868 739 2872 1312 897 2713 1765 755 33 1864 5 762 1557 255 2865 2501 1068 946 469 474 1000 2948 841 1017 470 311 1063 1295 831 599 1092 1302 1400 2268 1071 1727 347 970 2899 571 1038 1009 1960 1242 2574 1675 1783 2540 1959 873 108 2040 1669 2111 799 349 1858 411 2331 536 713 803 2709 2524 660 2802 548 508 105 1893 32 222 293 1911 1665 2141 216 2539 176 2869 788 2525 2647 2735 340 1815 2088 1849 1801 711 1915 1244 1018 2485 2304 892 449 1847 2815 2687 1970 1263 1560 1440 2 2971 365 2638 2098 2161 2273 828 2021 1184 2444 1379 736 989 1741 790 62 1872 2888 2175 1916 31 264 1336 1129 1141 2387 1886 1296 1136 261 460 91 1919 2878 1072 1788 2874 822 624 2635 2150 1156 2100 2693 1985 408 21 187 2028 2619 2555 1503 2286 2298 576 2490 1146 2866 515 2774 2831 556 1253 1856 554 1924 1019 1968 827 653 12 1169 2460 1921 1753 2113 1519 190 2657 1012 1613 4 2936 2026 939 2303 1505 2902 782 2691 2451 2397 2228 2030 217 259 419 2148 2291 302 2005 0 1948 838 1031 2534 861 679 2724 2219 620 1600 1839 1281 2736 1643 1048 2314 90 644 1870 1601 1422 2210 2056 2243 2834 2747 2827 2330 1778 1223 166 2204 1725 2702 1914 262 1134 787 2118 1942 1488 2945 2479 1102 320 1166 1126 124 1982 2061 376 850 2703 1366 2590 171 626 1301 270 272 2174 966 1120 1394 1500 70 1338 1399 1323 1427 1476 1179 570 1299 1660 505 1493 938 2169 1454 2630 2924 1061 1572 522 1036 2547 375 2343 719 2910 2999 2333 727 591 1340 2042 395 1211 630 173 1230 1954 1813 203 987 1587 1671 2116 48 1909 2168 1874 1403 1193 2123 2792 2508 743 2109 1457 2623 1544 1490 833 386 306 1623 1207 1581 2085 2506 552 2120 1304 1450 94 942 297 1091 1627 2717 1971 1204 1779 1536 1822 2431 1264 2656 2416 1868 2241 2180 2378 2585 2750 604 1594 1128 1154 1324 1525 1135 2392 332 843 2284 118 534 1929 2613 1456 1451 136 2673 1735 2410 364 1700 483 915 2754 996 2302 2786 1189 1254 798 2742 1276 2762 2676 2846 379 1848 1161 1812 2248 956 1730 2426 477 538 2121 2797 38 1896 920 1701 2351 627 960 540 1923 1516 2166 352 354 1662 2207 2649 2734 1108 1105 1145 642 1830 313 568 2233 2283 2583 1738 1879 2837 2292 2697 2360 2871 1838 995 683 560 2699 835 2935 130 450 1598 2825 1220 593 1716 2125 168 882 737 1618 757 2518 497 2798 785 2324 1260 1737 2299 1396 888 157 567 732 22 2362 1115 2631 1130 673 2155 671 2926 2707 1731 2015 2221 669 2836 2978 1155 774 1321 896 2432 1565 1226 2710 239 693 109 1337 323 1685 28 287 2381 37 2588 2578 1110 1833 2112 2503 283 1259 2368 275 2690 895 661 1722 1506 2955 1010 2402 649 2152 1853 2027 1187 1209 394 1359 40 973 1728 1995 2408 1580 2516 921 1513 795 1113 2862 501 1894 2484 1221 1638 812 330 1243 2526 2686 2256 2016 1538 1144 102 2575 2889 1702 1890 1990 2620 402 1382 1056 2177 845 391 1270 1436 59 1501 2582 2047 95 846 2535 224 1420 1584 67 2469 1793 2393 2963 2367 583 1333 2894 2181 1639 2718 830 2473 307 2859 184 225 2884 2748 2295 81 2019 242 793 2696 817 2829 384 1307 305 1895 1171 49 1673 1205 1988 488 2197 1139 650 860 2511 374 823 2229 2083 668 990 1175 1037 1363 1992 186 746 2238 2940 2357 2970 2419 2062 1967 435 2077 1562 769 1569 2433 154 71 282 957 1552 1404 877 1109 279 809 818 1261 2226 2002 2775 1761 1836 723 267 2542 1284 2515 681 2932 218 2667 2818 113 1317 181 2442 781 2440 1745 1986 2115 1863 1692 9 1979 2664 617 250 382 1859 2144 2453 1568 1388 2896 950 2288 2609 1637 2832 2795 797 2906 464 772 1283 729 842 1809 2448 2076 1834 1376 390 1106 1721 872 1502 902 2046 2364 1218 2106 1445 1932 444 2553 2991 1957 281 465 731 2158 1644 2459 41 2986 2951 1292 807 2646 2048 2133 1899 111 756 1360 1032 2867 2390 2091 1095 1532 437 121 800 1186 543 467 2873 296 2842 1020 1133 2545 1086 245 1021 2812 1965 1866 1315 1255 2032 2523 1087 2272 588 1467 2470 75 2759 1437 2382 2954 104 1885 1758 2439 780 786 89 1926 453 1391 643 852 913 1183 1653 2053 1198 2063 1137 1049 2681 213 2429 901 1401 1906 682 2353 2136 867 2262 1841 1162 2522 1249 1079 1499 353 1083 2911 2885 1026 1247 2245 1373 1746 1495 2282 2446 664 953 1901 1039 2765 1485 1165 2500 2348 2264 2096 2844 579 1910 2860 370 2913 2850 821 2975 1993 210 493 2714 51 2001 2806 1055 1269 963 750 1350 489 2659 801 1294 1346 2082 618 1004 2092 45 2622 2346 2751 2078 657 2476 2923 101 2060 2265 602 278 1170 103 1950 2004 2137 2443 2242 2968 1773 336 2661 240 2280 2212 2202 1999 967 2933 565 412 2187 2733 2495 2422 2853 1574 1397 1417 1472 219 69 1743 456 2146 2927 615 2025 106 380 2105 610 2606 1733 1540 269 2669 1792 2464 246 2246 2928 2456 2925 550 899 236 666 1527 1228 1327 2536 2072 2454 2309 468 1482 506 2259 2407 676 400 2632 2160 1604 2281 1421 1614 2110 2275 994 721 2235 1084 2478 1799 1497 2861 2445 2467 1227 748 2145 2329 2389 2380 372 2838 638 407 458 2230 422 1444 2670 601 35 2755 2122 2306 859 1125 82 1548 586 1554 700 1802 1626 2529 132 2974 504 1807 428 277 378 1042 916 2519 1463 2564 2730 2887 202 922 677 887 1760 1930 2104 2584 532 1487 2527 2953 1902 445 2931 1936 2342 773 409 1311 2142 140 1015 1152 2044 2236 284 1353 2849 79 1928 2493 1229 25 2297 2863 421 146 665 1236 393 1840 358 1138 454 1347 2794 1438 2828 301 2958 2154 116 2129 1471 1192 1387 1484 796 2881 2307 1996 2126 589 1452 1953 2023 2677 2403 2319 26 510 1828 1744 578 2720 918 159 1704 308 1555 2327 251 2737 189 462 758 1884 1458 879 2449 249 715 545 1121 1772 1596 2312 1411 1268 1571 2225 2556 389 559 2396 919 1483 2189 2768 848 539 1435 1190 2475 53 566 837 1197 2587 974 1151 425 701 1857 502 298 2640 1035 2205 85 2728 2731 2079 2961 2483 1694 263 68 1412 869 1695 998 1206 1889 1609 2379 2854 2489 348 220 1380 1430 1331 312 2151 2833 30 672 862 1586 1507 2528 252 1559 2190 2068 2216 2492 2436 1590 424 2753 663 290 839 156 1023 542 1172 2494 2880 2488 2561 2685 2232 623 2031 205 712 1446 1305 2541 1645 802 1680 2227 558 439 2128 1769 2805 2167 487 2601 165 387 1280 180 1177 606 367 2374 1486 1065 1620 200 761 1022 63 1320 135 917 1969 891 1576 1275 2058 1934 1771 1811 1819 383 2956 2851 771 2596 2520 1611 2919 1008 1416 2538 581 1629 580 688 2589 2695 195 241 894 2192 1766 398 2513 1770 1633 2644 15 2201 303 1231 951 526 563 1547 1852 1051 1024 2602 451 7 2789 2848 1217 119 2349 1690 1418 2159 2385 2643 2075 2637 2741 2184 1837 2414 1931 2430 856 1491 1094 2045 551 24 238 1419 1632 164 884 2437 1563 1892 726 955 1358 2231 344 326 1523 1843 185 520 2901 931 228 986 231 695 1119 233 544 361 1592 2653 594 596 2170 1185 744 2423 1855 1409 1517 1447 328 2266 1389 1372 2835 1904 2988 359 2591 1619 237 434 2507 357 1297 2966 2251 1122 2791 2234 2130 342 2051 96 1961 2135 1756 909 327 13 810 1101 2274 2277 2758 2067 2450 276 1291 2334 1114 2749 1250 371 2965 1881 2012 814 72 257 2796 2252 687 431 1798 1723 2816 2347 150 17 416 1290 39 6 463 2138 881 73 1393 1293 1582 1001 2893 2957 564 161 1635 78 1117 1492 2199 2766 1481 289 479 2607 1201 1786 2700 2552 1354 191 941 2269 555 2916 1383 2629 1064 65 1477 2905 2839 484 1775 749 1989 2134 2823 446 363 1414 2468 141 605 2363 826 1654 1375 1029 64 2267 908 415 702 2594 1612 129 1806 2599 500 2195 1945 206 1377 929 2466 1878 1449 1763 1202 2254 2941 2614 2278 2165 2373 2147 209 2203 2050 491 952 2059 2074 557 2907 2612 1717 2603 2441 1077 1941 1080 971 1390 1860 1684 1593 315 2771 904 56 2384 1368 1428 43 1943 2328 2668 292 318 2458 1686 1058 66 977 1442 1052 1991 2338 494 2455 1480 1742 1740 350 2156 1443 2361 2383 2102 1668 1656 1781 2162 1647 256 754 1194 1123 1526 1325 816 2722 2799 2660 133 2883 2621 720 2633 1182 2502 145 689 107 927 1922 1282 2992 1946 457 1589 1369 234 2666 1697 847 2892 1262 1216 2491 19 1143 634 80 1 759 99 2929 2641 2857 2486 1494 2915 2223 652 1060 2998 1608 1711 2132 2391 1429 2840 898 2013 1648 2912 1710 423 1181 1329 1014 851 1719 2457 1098 639 1410 2571 2293 1277 983 194 1167 575 98 764 574 2029 1075 1286 1826 2598 1767 1034 531 1983 447 2533 2566 248 1651 1718 1356 295 143 1349 1085 886 2692 893 1097 2944 1674 1240 2530 253 621 2662 1256 633 619 2344 2497 783 1016 1514 2313 524 2345 198 2372 1762 1289 1464 1732 495 2404 2843 936 1326 57 521 684 2240 2537 2320 1441 1033 704 2224 2244 160 58 2127 1332 513 1663 2548 2183 1933 1150 2017 2908 174 1994 2114 2377 2461 2099 2421 2452 286 88 207 182 2914 2674 1224 943 1045 2937 2946 2504 1371 1343 654 2807 1213 865 2033 587 122 1153 2332 1861 1768 2365 2770 1636 1829 1316 982 733 1357 2182 2009 2176 2943 2073 466 179 2322 1025 1691 2557 388 46 2140 523 2093 1977 675 2090 1835 836 2904 1831 1599 16 2882 1785 2326 2980 2499 291 1392 1640 334 640 832 625 417 1030 958 598 47 714 2352 2394 175 710 880 1104 2769 1465 1473 2800 2164 911 2841 2947 1958 1439 196 1655 1013 979 2531 2463 680 985 1415 674 2420 1820 1381 553 1132 2200 1683 1707 2425 1963 36 1322 373 1534 2716 1279 2149 997 1880 76 993 2972 2586 2996 940 1508 561 1720 2684 2206 2007 910 1005 2388 2879 1877 2474 840 2626 738 1308 436 806 1142 2708 1867 1871 403 718 1676 2981 2198 343 1800 641 229 2604 2985 2593 2496 1528 2471 2573 2982 2563 708 476 1413 1705 420 1888 2371 1222 418 2279 528 949 2193 2239 1724 2037 1239 2323 2055 1678 471 288 2296 585 1461 232 636 260 331 2694 1453 804 1603 2562 2480 1149 1980 2780 1046 1875 2617 975 1468 1406 2071 1520 215 507 685 876 2039 747 1652 319 360 1214 1542 486 2400 651 1241 1180 93 1628 2035 1078 112 2157 294 481 325 1817 1883 2973 533 1215 2917 1539 791 2809 87 2263 2787 61 2610 2615 1776 2247 805 1667 223 158 142 2821 1059 1682 1845 2376 2117 527 2000 1708 2969 2409 2760 1168 811 659 2185 2600 1706 2301 1984 1210 2546 2678 44 1825 1940 2808 1726 11 2580 1882 1272 632 2215 2918 2428 1425 829 631 972 1306 572 1974 110 2101 777 77 792 1912 1219 2399 1334 2086 2855 597 1309 824 503 1535 2415 452 906 2318 345 1330 1976 1511 1455 740 509 699 2704 1898 1474 2305 362 3 935 969 2864 875 864 1670 2592 2191 1090 1808 163 863 221 1642 2967 728 870 1319 2285 2712 2651 2359 1469 2950 1905 482 2618 2597 438 299 2153 1962 2065 2987 1238 1054 2417 54 29 1755 1595 614 2581 324 2143 707 1057 2119 647 2294 1972 784 1854 2579 1432 459 2752 147 155 2773 2064 1821 569 1073 42 1518 645 2020 1797 2682 1564 52 778 201 356 1698 333 212 988 1759 2715 871 162 890 514 285 1212 2081 2041 1002 2897 1462 1754 662 1278 1966 2642 2325 1433 2308 1140 1956 1398 1641 2652 789 2222 753 2011 1479 2890 1251 1196 2014 1987 2671 1787 2993 656 317 912 1118 485 903 473 1795 1750 2550 1374 2066 1734 322 2271 55 368 1313 1621 2605 2462 1649 2108 1426 1617 2049 717 1235 1944 1546 2570 1041 1939 2886 885 1908 300 177 74 2648 2740 948 1448 84 2386 858 2287 1736 170 2964 2179 192 1131 1998 266 2688 2194 2870 854 1288 125 341 2856 2094 1405 405 2521 338 2813 2793 603 404 925 1246 1345 2959 1625 2196 2213 1069 964 2139 1431 1937 991 1011 2732 258 2803 397 730 2554 178 562 199 1070 1577 1509 433 183 2745 2628 1650 2255 2726 2868 273 1689 472 1832 1681 2477 144 616 18 2358 2757 120 2811 725 577 214 1040 1351 878 934 2895 2952 401 1515 2636 2551 2705 529 337 1677 208 2822 2214 1245 1163 1386 1803 1927 1174 1827 2817 697 2366 226 2756 2172 2634 1367 1007 844 900 1203 622 945 2498 1631 227 1693 1159 1622 584 1093 2321 930 2043 999 2804 2395 2625 2680 1027 1043 1531 959 443 1752 2645 1352 1339 2801 1355 2776 314 954 1951 235 2315 1003 815 1549 2549 2350 1173 1541 1887 794 1195 613 1964 1897 1605 2568 1103 1981 2482 582 2487 2369 1556 134 546 2036 316 519 1634 499 2209 14 97 646 117 2995 1099 678 1918 734 2509 2930 947 944 2084 2514 2217 406 128 1869 549 475 50 690 1361 172 978 2003 834 1107 1664 2984 2010 2820 1188 2781 2218 2814 1876 980 2354 1687 1588 204 346 2089 2706 924 2847 1478 765 1805 1047 2616 377 496 1615 1873 490 2406 609 1862 2875 2178 441 2316 2435 686 2434 2949 413 1298 2764 1303 2558 976 1157 127 430 883 608 1342 1533 2317 2788 2512 480 992 2054 1395 1949 369 2560 706 961 658 1913 1709 1274 962 1543 1265 741 2465 766 329 1607 2405 1053 1470 1661 2024 1434 1784 1074 2481 2290 2270 1713 2188 1258 385 1408 2340 1550 1748 2903 2920 1561 2576 1112 1610 2261 2977 2510 1252 1199 310 1424 247 1624 1575 2052 304 1952 1816 2719 1657 1362 280 855 724 698 866 2237 1191 716 779 1111 2744 767 1088 2627 770 2438 392 442 1164 1591 981 590 2424 1402 965 874 2761 123 498 2505 193 1067 2335 752 2810 2639 1529 857 1679 889 429 1666 2727 1237 1796 2830 1818 1865 2900 849 2711 426 1712 2260 8 321 2339 1850 1234 667 2411 1050 525 2739 2663 1378 2782 1646 1747 1947 399 655 335 2624 2608 1585 637 1524 1124 2746 1512 1794 414 2743 742 1659 1804 427 2567 1489 2447 1824 2819 139 1365 1751 1127 366 1846 595 2569 151 148 819 760 2783 2942 1318 2877 694 2723 2779 2997 2276 1100 1062 612 2962 1703 1200 2934 2994 169 1082 1573 309 1300 1314 537 2826 1335 2008 2921 2785 2532 2070 2572 1566 339 2356 2107 2375 709 611 914 1630 1225 2852 1973 1777 2672 2257 351 1715 648 751 1537 628 243 2858 1729 1328 2543 1814 928 2069 2289 2258 2038 2767 1257 440 1545 188 1096 1790 1459 691 1044 820 1267 1460 937 1232 2057 381 1089 1749 984 2427 1780 1739 1147 1696 1081 2777 2845 2989 1160 1578 933 530 2171 2650 92 2611 1341 1907 1903 813 2336 492 2355 2665 1699 2186 670 705 511 1917 1510 2976 907 461 410 2006 455 2103 1178 138 2341 703 131 629 512 2310 1407 268 1285 152 254 1789 2675 1978 1935 1975 1384 2824 2960 932 274 1602 2022 2922 2655 1028 1851 2790 2211 607 1579 265 825 2370 2300 2654 1385 60 735 763 745 10 1714 518 2559 2173 1658 2413 2979 768 1148 1176 2311 1955 1570 396 2658 1900 2698 2721 2565 1530 2778 1076 1498 2784 1764 478 923 1672 2253 692 1782 1348 1551 2131 432 2018 2909 1823 535 1553 1997 1920 83 2701 1006 115 2095 1567 1066 197 1344 1774 2398 1521 547 573 541 1810 1791 2679 2763 905 1248 2087 1597
