8 6 9 4 3 5 1 0 7 2
14 7 5 2 12 10 8 1 0 3 9 4 13 11 6
3 13 11 15 10 16 12 5 4 18 1 17 8 2 19 14 7 6 0 9
17 16 23 3 7 0 22 10 19 9 5 8 12 13 1 20 21 18 15 11 4 14 2 6 24
4 22 24 27 6 11 18 0 28 15 2 20 7 3 19 16 26 9 21 5 14 1 29 17 12 10 8 23 13 25
39 10 15 30 22 5 38 19 23 7 27 13 4 21 20 8 9 11 2 28 24 1 35 31 36 25 17 26 16 18 29 37 6 14 0 12 3 34 32 33
37 24 21 48 8 41 19 44 10 28 2 7 17 16 38 36 18 30 27 3 33 15 1 29 23 12 13 14 20 26 43 46 11 39 35 0 22 40 25 4 45 6 49 34 47 32 5 42 9 31
10 14 56 46 0 5 20 3 13 45 57 29 50 27 49 7 15 34 18 17 23 8 30 51 55 2 19 52 16 44 4 11 58 37 21 22 41 31 48 43 54 59 39 32 33 40 26 42 24 38 25 6 36 28 12 9 53 35 1 47
33 31 24 5 18 66 10 16 13 47 11 46 19 29 41 17 6 30 36 55 45 38 37 48 15 54 39 34 65 56 21 50 3 57 68 26 22 2 9 25 7 69 35 64 1 23 62 61 51 58 43 14 0 49 40 44 63 12 59 42 53 27 67 8 52 32 28 4 60 20
14 36 61 58 11 60 51 79 40 19 23 18 34 1 47 65 72 35 5 44 52 2 28 32 12 53 54 77 27 73 76 31 24 41 26 17 57 62 13 67 30 55 50 75 71 7 6 3 8 22 38 78 46 25 0 68 70 49 66 48 21 16 39 20 15 74 29 42 69 56 4 63 64 33 45 10 37 43 59 9
63 50 7 46 6 75 44 23 68 83 79 30 10 5 14 71 32 11 24 21 41 62 20 2 28 18 85 55 40 36 73 4 60 52 47 59 1 35 26 76 0 78 74 27 8 17 70 31 13 61 39 25 77 87 69 54 65 37 42 64 15 53 16 57 56 12 48 51 80 3 72 58 9 22 34 86 19 45 81 84 89 29 33 67 43 88 38 66 82 49
96 70 75 68 14 69 5 44 90 59 65 94 83 60 13 18 4 2 41 85 34 89 10 9 30 51 12 28 55 81 29 54 22 78 3 99 23 52 77 35 49 37 58 33 36 63 72 74 50 93 97 25 6 45 19 7 95 11 32 46 91 47 92 38 43 40 84 48 0 62 16 26 86 87 15 80 73 79 1 20 88 17 27 76 39 64 61 21 8 24 53 67 42 71 98 66 57 82 31 56
41 44 10 71 122 128 57 123 132 51 30 69 130 149 37 148 87 146 101 24 103 17 75 27 140 33 31 109 131 20 6 45 19 52 94 116 110 40 106 25 47 117 86 107 78 72 59 139 77 142 49 126 32 74 34 5 120 66 61 11 2 60 46 53 145 143 16 18 102 28 95 121 92 134 43 111 29 147 124 99 135 136 62 98 21 100 125 141 48 68 22 7 8 137 26 70 12 23 138 9 42 88 15 81 35 84 104 127 4 58 79 73 63 97 85 144 38 3 1 65 113 93 119 129 14 80 115 54 118 112 64 36 105 89 55 83 108 39 90 13 0 133 96 114 67 82 50 76 56 91
144 175 188 9 42 162 165 170 70 94 158 177 189 37 199 91 8 123 13 50 80 128 155 163 36 109 105 88 10 86 183 147 39 71 138 46 160 168 154 30 115 187 7 60 122 124 107 157 166 45 44 99 72 111 63 49 35 131 179 89 193 92 137 130 127 145 173 143 19 68 90 47 118 22 32 69 195 12 197 164 0 148 141 190 21 110 172 129 161 83 108 81 61 184 95 167 153 31 156 181 25 66 106 26 43 101 1 142 185 134 40 28 96 64 84 48 178 23 78 98 112 62 171 150 136 119 65 196 103 5 52 76 102 41 4 87 97 58 180 11 132 135 51 140 75 85 186 126 16 57 133 55 33 82 18 15 74 27 117 114 149 121 73 20 146 53 24 29 54 3 113 169 14 139 176 59 34 182 67 192 198 93 104 38 120 6 56 2 194 100 174 77 79 152 151 125 191 17 159 116
57 143 42 119 122 75 45 30 132 49 85 240 5 84 198 0 65 69 164 39 40 161 93 129 44 201 229 154 118 46 25 106 226 213 247 151 139 206 17 197 16 62 98 177 71 147 149 135 174 217 24 157 33 12 74 100 145 231 153 55 156 140 155 190 52 34 88 169 36 115 47 92 148 185 121 90 144 220 142 10 53 189 228 97 14 194 236 41 180 79 188 216 170 187 179 61 237 182 192 3 211 104 78 4 38 20 167 110 181 108 141 204 212 13 28 9 86 209 133 96 203 82 11 2 127 83 126 89 168 221 195 94 150 114 101 239 158 207 18 116 51 165 95 223 63 173 59 176 125 246 210 241 242 21 77 102 225 54 134 105 107 243 183 130 162 146 22 166 31 103 184 58 235 15 230 245 117 27 120 23 238 178 175 186 19 1 136 249 8 6 56 224 91 72 76 202 35 81 113 29 227 68 214 232 199 64 191 67 37 48 193 233 66 43 208 234 50 87 160 205 112 109 123 32 196 152 222 137 26 159 124 99 73 111 248 218 200 7 60 171 128 219 70 244 163 80 138 131 215 172
96 36 163 228 43 185 297 68 150 290 146 247 251 210 109 204 76 2 254 224 108 149 299 60 81 159 279 253 238 259 8 98 35 231 102 103 250 294 19 170 144 75 205 112 236 186 202 130 116 260 262 281 156 196 273 292 237 252 77 3 39 209 203 296 120 217 241 119 221 142 70 194 83 134 265 246 79 143 14 171 37 298 169 114 166 148 25 267 212 256 151 17 271 235 160 4 152 5 140 213 223 164 84 180 129 258 6 20 242 74 46 138 141 23 44 245 191 87 124 7 289 61 66 243 55 111 132 38 161 249 280 30 69 201 27 172 110 63 72 137 199 71 175 54 0 208 211 214 207 189 266 80 157 107 295 49 147 192 282 34 216 48 89 234 195 240 50 193 73 104 18 220 10 285 59 139 168 190 293 286 52 24 125 117 33 284 100 162 155 90 121 232 56 106 173 12 53 167 187 215 82 257 153 41 174 1 154 42 272 270 13 95 206 135 183 45 229 93 15 274 248 62 11 219 101 40 278 51 158 105 263 88 136 269 178 179 145 128 222 275 288 92 65 122 133 197 86 230 177 261 31 126 97 113 118 64 233 225 184 85 28 115 127 188 123 198 9 227 165 264 182 291 99 57 255 26 47 268 78 226 91 276 131 29 181 32 58 94 21 239 244 67 200 218 22 283 16 277 287 176
97 26 393 86 245 80 186 2 161 217 294 83 122 218 201 378 340 109 280 279 321 273 214 67 192 140 359 249 142 158 223 353 316 30 16 62 112 113 355 121 170 54 347 146 8 291 171 244 63 111 215 371 96 38 82 57 395 241 204 387 342 220 18 327 382 25 49 21 208 234 278 141 174 50 193 196 124 259 90 293 181 282 139 125 365 322 390 102 314 136 135 235 4 15 276 133 285 47 175 17 150 77 329 354 202 183 360 332 308 149 123 98 364 200 328 85 304 372 132 154 299 55 301 338 356 281 143 89 10 225 172 182 333 116 160 13 361 255 380 106 70 31 42 19 254 203 233 37 305 168 374 337 377 260 335 385 128 320 334 292 9 375 324 221 129 363 367 162 127 296 263 373 68 41 23 126 216 226 117 169 344 210 7 237 352 246 94 188 288 307 157 336 295 239 103 60 156 58 392 258 120 20 219 81 319 325 44 72 274 243 302 76 253 297 213 114 257 1 6 379 148 266 65 376 346 177 386 357 48 166 155 310 130 14 283 36 108 185 33 11 231 178 323 349 159 326 147 71 389 134 118 152 270 75 370 261 24 391 144 366 272 238 179 66 104 397 212 306 236 222 339 176 290 39 32 95 252 73 251 396 311 271 138 61 262 119 265 227 362 256 351 100 28 43 289 381 153 167 101 29 0 348 78 313 298 358 52 284 300 242 40 59 46 230 398 190 165 3 383 35 331 267 287 180 211 64 107 268 199 91 45 131 53 88 194 184 209 137 315 187 191 87 341 51 269 275 110 105 229 173 69 205 318 163 5 207 240 312 197 247 189 22 350 394 250 151 74 343 228 12 93 79 264 84 309 99 277 115 286 303 317 27 232 145 56 206 195 34 388 248 399 92 345 330 368 369 224 198 384 164
435 373 263 404 378 235 278 201 374 421 249 367 198 332 491 425 54 399 291 81 19 390 449 59 349 276 486 84 251 150 394 384 127 68 191 440 372 139 151 254 107 37 250 271 396 100 242 289 94 340 50 41 478 145 232 28 116 18 354 418 178 133 400 422 273 187 58 281 331 35 106 239 195 497 97 159 307 256 112 73 69 219 485 128 167 303 458 52 199 318 414 454 101 152 305 419 426 434 148 103 108 382 113 78 310 38 57 348 215 120 319 477 79 464 328 174 177 227 196 264 321 398 10 30 296 280 179 308 144 375 409 14 337 75 274 472 479 293 290 17 416 168 327 357 363 451 260 53 210 343 415 122 89 405 437 216 70 463 86 445 31 380 262 220 369 192 129 131 358 410 172 496 110 474 297 64 457 102 403 443 484 154 221 431 282 300 306 65 43 428 136 448 299 247 301 261 170 286 456 243 381 298 5 368 114 62 119 190 441 228 295 51 329 29 118 104 266 11 494 433 176 462 83 377 77 3 401 46 240 12 197 231 181 309 366 411 33 200 229 165 313 388 155 21 258 173 387 490 452 277 61 284 115 130 356 87 125 406 370 211 392 146 149 76 207 389 158 237 126 16 420 347 185 95 344 465 359 22 461 362 275 471 342 204 223 175 164 141 317 473 429 91 137 99 338 442 469 225 135 417 361 162 467 312 34 23 493 438 436 330 385 147 294 413 423 74 492 450 244 283 20 314 459 140 169 272 302 143 270 376 109 453 217 226 353 341 36 495 432 134 466 44 186 268 212 205 85 427 279 487 42 255 93 412 397 26 320 6 121 424 430 402 315 395 257 476 96 138 171 241 132 285 8 246 56 49 335 360 194 483 188 208 124 32 222 203 345 287 482 224 379 160 234 218 166 4 350 444 253 346 238 230 161 489 90 408 98 13 460 0 326 1 82 267 206 333 193 180 292 393 446 245 447 355 142 202 183 322 182 9 499 248 488 63 111 468 364 233 213 60 265 27 311 498 123 252 92 214 336 352 80 455 470 323 47 66 40 163 339 157 7 365 407 259 481 156 55 72 325 45 288 189 371 48 209 316 105 439 236 24 269 2 475 351 88 324 391 304 39 25 15 334 184 386 67 480 71 117 153 383
8 517 363 191 462 96 438 120 519 402 532 253 484 99 218 593 477 257 153 541 278 57 133 310 110 334 13 199 262 76 323 399 406 580 513 40 461 490 138 146 188 569 34 474 271 299 282 200 360 221 71 30 396 190 370 584 313 594 344 250 511 139 244 136 485 473 354 301 390 284 4 306 431 509 183 470 508 374 2 561 331 560 538 535 349 3 448 482 20 536 367 578 351 343 314 55 44 293 186 366 534 475 457 483 312 453 503 215 67 275 510 223 158 412 335 423 497 476 345 58 392 226 89 348 259 9 590 571 27 379 557 268 546 180 178 66 61 447 304 21 211 108 436 77 127 114 68 400 401 98 320 573 292 148 143 442 373 286 173 106 371 417 251 479 62 512 362 42 596 12 53 181 434 576 242 159 394 254 550 74 92 28 382 56 533 214 81 500 333 309 531 524 416 466 245 486 210 414 128 155 166 429 328 201 520 29 147 446 91 276 52 307 266 80 116 528 193 73 433 261 151 263 377 240 150 225 184 515 187 537 252 290 239 63 422 487 526 265 246 384 308 95 591 31 577 595 391 145 539 395 15 458 449 302 109 237 48 267 124 87 107 489 25 300 0 111 375 480 37 39 104 18 16 6 149 599 169 597 118 134 60 165 387 468 365 154 472 450 280 216 69 219 7 440 471 164 411 112 494 196 182 364 156 444 521 585 14 518 88 341 234 563 258 170 86 126 514 467 192 441 217 171 22 583 408 530 339 205 592 455 579 428 481 236 523 24 501 206 123 498 552 493 321 224 79 160 287 558 361 303 270 272 281 358 499 464 368 90 43 185 32 385 105 381 119 495 70 75 432 167 353 232 404 235 356 38 157 243 94 582 204 581 352 101 140 459 50 574 568 176 260 311 386 427 393 23 376 49 295 555 83 559 132 567 162 430 588 227 33 264 315 545 203 283 322 502 463 439 172 350 540 409 572 372 255 85 175 324 100 296 426 51 421 460 506 319 168 443 359 202 54 492 72 274 194 294 491 64 229 45 277 298 249 161 564 297 222 241 10 551 233 565 516 507 505 589 291 554 141 59 445 355 247 347 340 11 469 174 152 279 285 357 403 122 93 424 137 413 228 117 82 207 329 562 496 548 36 163 177 553 454 544 325 398 26 198 41 566 380 389 142 289 346 378 220 527 522 336 208 327 369 425 405 451 337 525 397 35 47 488 1 547 209 65 388 131 179 84 269 195 103 102 542 5 575 420 189 586 465 19 543 456 130 415 598 383 419 125 273 332 316 407 556 238 549 213 248 504 410 317 135 230 144 17 288 212 197 437 121 338 452 570 78 113 418 529 46 587 129 97 256 342 330 435 318 231 478 326 305 115
351 378 441 134 189 207 638 389 126 408 436 64 491 380 273 223 298 576 256 676 124 563 268 263 254 694 346 648 342 430 161 464 546 204 611 317 27 615 267 290 539 585 209 664 502 698 32 122 538 4 282 599 220 402 425 241 381 357 689 348 172 639 450 224 34 687 549 76 560 13 677 579 347 444 384 456 251 578 150 544 235 319 287 521 39 574 387 604 177 345 30 170 96 138 588 364 605 406 462 530 53 500 61 683 77 234 42 662 231 20 147 129 131 632 326 165 94 205 512 688 513 465 684 225 383 219 45 44 454 264 494 248 424 16 421 155 642 296 603 467 678 375 407 338 145 596 127 98 229 28 136 141 422 85 65 418 543 443 665 466 252 367 496 21 680 621 331 461 135 541 292 108 532 186 75 577 697 550 74 503 361 116 587 570 446 623 372 492 239 565 255 557 423 597 618 114 113 275 624 169 81 14 393 340 339 661 435 322 359 2 80 448 167 353 499 480 29 558 132 511 66 78 413 49 602 481 415 143 667 162 37 398 652 365 657 82 508 427 522 669 631 493 109 640 556 240 564 323 432 699 397 72 554 468 174 609 271 519 459 103 43 185 675 414 410 304 52 681 68 111 469 495 246 308 51 160 486 313 352 391 668 507 48 312 524 60 140 625 356 50 237 183 7 362 320 608 279 238 504 569 154 18 278 434 311 533 455 3 477 329 536 659 382 517 679 142 59 40 336 233 217 649 67 614 188 628 682 482 654 693 200 227 283 300 325 479 537 651 535 178 403 102 15 540 146 168 527 417 151 139 672 379 294 471 616 31 309 221 262 100 218 91 590 110 249 568 17 184 164 633 562 635 215 230 488 483 194 83 371 617 226 433 55 366 394 337 526 601 157 175 117 509 335 250 472 70 542 643 575 453 591 199 622 159 607 95 666 236 321 484 343 315 105 534 11 166 368 261 12 197 460 344 561 392 619 395 439 38 23 247 411 674 686 277 571 5 584 594 305 99 191 36 350 551 629 258 198 636 158 647 399 137 92 489 148 695 303 171 437 291 518 354 655 128 341 232 645 555 440 212 244 90 133 123 265 79 429 270 149 257 386 520 9 690 396 630 426 531 390 650 497 553 658 253 295 485 377 401 293 106 613 334 112 196 152 56 525 545 125 373 653 88 201 86 626 87 306 458 385 58 449 409 328 592 369 316 612 374 438 419 93 179 581 363 478 35 181 299 118 107 470 71 176 180 593 428 307 646 514 516 501 475 412 73 69 376 670 600 582 573 10 214 452 388 463 447 515 1 182 24 120 26 97 476 498 101 370 330 404 510 84 548 627 213 203 192 567 57 349 276 333 696 637 119 301 451 673 19 242 41 442 8 473 589 552 156 281 598 288 206 104 610 46 457 153 528 195 269 595 285 327 360 505 506 289 523 324 130 685 202 274 566 210 211 260 222 302 474 187 47 620 487 431 445 671 121 641 272 420 583 559 606 355 243 22 297 663 115 580 62 173 400 54 529 25 314 310 63 572 318 644 284 660 0 691 190 89 358 332 547 163 259 286 245 228 266 634 656 208 144 280 216 193 586 33 692 6 490 405 416
503 487 504 77 454 514 352 36 323 303 759 42 241 225 579 281 541 712 555 523 485 376 738 305 238 734 320 349 390 446 785 405 622 339 799 530 566 434 711 633 789 134 192 67 669 494 269 168 585 573 222 392 235 49 421 198 223 316 430 356 161 564 258 306 98 649 692 290 141 251 780 30 133 18 416 685 497 598 408 284 610 776 249 636 417 71 737 139 151 688 280 643 617 690 26 778 301 673 148 130 14 620 128 722 429 205 154 528 419 377 569 344 538 527 68 106 448 568 559 546 433 338 183 399 469 24 95 570 369 3 277 561 108 384 749 531 544 447 720 285 733 354 574 662 319 659 724 432 259 465 331 639 402 302 438 482 358 250 773 82 57 335 581 293 516 587 28 278 591 501 175 190 398 41 572 480 599 291 118 534 699 105 629 645 217 420 795 779 542 158 307 652 365 577 752 646 215 511 7 481 74 750 539 608 624 343 730 701 9 713 174 170 85 484 243 556 199 379 346 226 96 237 218 412 99 23 116 687 562 325 426 665 123 526 605 387 442 604 762 234 596 295 532 224 468 551 783 473 747 798 216 211 20 490 560 122 702 201 326 791 486 4 411 726 112 746 253 714 39 788 597 590 221 612 630 173 517 452 409 121 196 637 453 92 391 200 328 245 44 474 739 703 336 70 171 310 609 748 461 470 437 69 557 43 0 661 400 602 678 231 361 308 782 742 265 340 348 159 549 209 642 741 715 404 616 45 567 212 363 439 552 626 686 90 655 619 72 705 266 394 350 22 333 78 373 663 797 140 683 436 220 213 463 88 13 160 286 520 650 700 55 47 592 406 565 202 256 21 131 445 10 37 614 451 31 191 441 327 287 312 186 644 475 282 273 721 709 499 313 414 767 193 635 611 233 755 691 764 381 289 48 242 708 321 177 240 607 385 395 457 80 103 547 299 147 786 342 347 736 425 440 59 667 268 768 11 210 483 120 638 382 676 698 230 262 156 744 631 97 53 728 164 498 153 658 456 696 435 512 413 355 732 86 522 618 113 34 341 422 719 674 386 632 52 766 166 236 603 288 100 731 126 491 267 582 127 787 111 374 110 182 172 710 450 621 488 51 558 372 543 477 796 588 666 727 684 458 367 206 679 467 314 73 515 725 137 275 1 670 625 272 360 775 519 65 735 794 694 740 279 756 25 50 292 229 58 15 91 64 345 189 76 89 257 492 114 364 33 94 680 580 6 248 476 274 388 366 180 378 247 707 309 593 214 410 753 17 16 187 401 169 101 102 152 479 334 578 143 554 729 232 145 706 375 246 444 195 763 595 2 427 261 424 664 415 208 790 575 471 318 12 351 132 32 495 117 83 294 244 623 449 149 184 586 298 600 368 613 695 142 162 496 548 489 227 615 194 761 535 428 513 207 283 508 260 27 689 443 179 178 66 654 297 754 584 79 540 330 536 657 583 792 264 359 524 589 653 777 718 129 228 660 104 594 332 505 627 322 144 61 119 506 550 745 396 772 682 717 651 455 781 493 138 677 362 38 357 317 304 647 239 533 311 671 478 758 793 219 681 252 693 576 60 8 403 407 270 75 62 197 774 648 634 353 383 125 770 146 668 109 606 263 337 93 460 371 5 155 571 641 751 255 393 81 84 324 723 697 157 507 271 464 107 500 529 181 509 771 276 462 370 296 188 545 472 300 40 150 124 380 115 165 29 760 459 46 640 63 176 431 87 518 784 553 167 418 136 563 54 628 656 423 757 203 35 601 716 525 135 329 204 19 743 765 185 672 675 466 704 537 56 254 315 163 397 510 389 502 769 521
35 319 337 40 231 516 701 616 871 91 268 63 111 132 688 42 171 719 631 88 123 612 643 773 876 862 206 846 384 896 390 689 418 454 511 611 150 317 700 489 207 821 775 737 552 748 785 728 60 681 328 692 778 735 665 660 724 128 357 703 873 879 118 761 690 431 445 142 271 695 684 767 411 134 892 254 94 58 850 404 326 398 776 356 755 559 90 68 179 53 467 192 716 788 723 229 217 720 261 483 216 834 803 820 240 793 596 380 769 37 298 502 614 874 162 151 333 893 772 621 182 26 891 358 32 453 110 503 296 424 567 325 66 430 889 235 332 385 615 276 742 249 624 164 829 867 93 24 551 677 140 395 792 9 233 82 627 16 305 113 366 386 70 75 1 759 576 798 610 148 817 343 760 709 849 585 825 474 274 102 747 55 533 515 532 608 786 89 389 664 669 405 670 604 636 481 451 106 629 69 473 369 577 397 335 711 247 154 784 553 781 804 387 557 487 698 277 39 590 388 860 286 18 352 840 560 637 221 172 31 259 3 61 200 450 583 685 861 609 528 668 733 607 795 28 579 232 694 725 887 648 185 290 619 749 409 597 299 898 368 471 808 734 726 19 301 710 334 855 851 500 768 740 159 571 754 523 137 838 228 413 288 351 242 600 348 589 346 336 644 507 163 375 160 587 859 566 244 506 133 422 425 826 239 661 338 421 714 537 360 897 542 423 433 109 177 377 743 294 791 361 347 751 22 525 95 379 412 655 173 706 72 13 584 895 188 626 478 618 222 4 468 119 362 812 654 143 146 870 44 96 204 341 683 429 679 144 391 452 15 678 49 295 257 396 190 359 811 370 529 622 836 639 157 707 87 884 152 354 0 297 894 486 765 572 367 275 155 414 828 59 847 444 230 339 457 38 872 675 613 645 745 10 465 602 853 601 311 234 580 495 555 372 492 632 41 498 501 227 350 540 770 100 448 832 623 426 651 815 635 218 112 526 842 34 197 212 258 382 659 101 312 248 84 284 544 321 598 316 138 278 731 563 774 539 738 477 816 440 202 848 717 462 640 647 381 441 292 238 730 306 149 599 120 156 255 591 554 667 696 127 550 869 561 2 80 219 287 620 198 476 250 578 76 141 365 410 504 882 168 475 641 512 865 582 436 708 269 581 121 805 315 371 417 376 139 756 313 20 6 21 443 220 378 399 136 594 856 605 401 400 653 843 682 517 530 799 322 262 522 460 505 153 835 899 818 686 763 464 189 71 732 67 214 273 108 824 545 718 883 8 383 419 813 574 135 17 263 470 183 45 125 85 558 479 62 43 676 827 538 531 864 256 97 225 279 203 794 253 267 831 46 124 782 490 491 721 565 588 314 771 633 562 199 283 251 131 29 181 461 211 434 646 575 437 92 549 213 485 303 809 435 330 104 779 527 65 117 122 687 394 671 801 739 510 857 568 729 888 23 184 5 363 36 691 823 302 11 469 307 854 170 802 800 25 318 508 442 73 193 674 308 880 266 797 810 260 323 513 114 169 650 548 27 868 787 456 543 355 393 814 226 484 175 727 52 758 488 499 521 493 715 403 705 541 534 744 617 191 672 652 496 349 166 455 205 592 105 427 438 291 662 78 780 446 246 494 536 713 280 324 586 863 514 402 649 796 320 858 519 783 408 642 116 223 459 547 790 64 482 7 524 243 158 666 327 187 463 196 570 270 236 822 103 176 704 99 129 364 310 752 603 497 625 304 789 107 595 51 447 806 237 449 264 161 126 285 406 630 342 833 373 282 165 48 178 736 147 697 518 628 309 293 12 353 167 699 209 877 535 392 432 573 340 564 885 881 130 416 680 634 415 420 750 480 115 764 98 753 344 272 766 722 830 145 702 606 837 807 208 439 777 174 81 54 74 839 30 331 57 77 79 86 50 33 638 56 345 186 757 241 195 673 693 741 878 852 194 83 300 845 593 428 844 890 657 556 210 663 712 841 215 546 265 329 466 374 509 875 886 819 658 746 289 224 180 656 866 47 569 201 407 458 252 245 472 520 14 281 762
295 628 260 319 265 999 550 214 420 948 424 61 784 351 101 169 110 974 318 321 870 441 551 266 55 105 483 407 365 481 405 771 35 179 269 676 810 553 65 237 709 450 36 872 610 146 275 862 62 119 422 574 509 714 376 198 241 729 547 851 72 123 497 616 381 606 757 598 408 589 418 90 267 582 325 57 239 133 905 849 813 898 486 673 734 660 752 135 463 684 841 421 54 200 283 968 217 175 998 548 735 561 277 772 868 114 726 431 833 468 111 334 311 788 689 826 383 153 857 678 588 736 807 890 927 935 465 859 467 665 458 222 32 809 286 804 822 350 257 693 972 507 435 603 583 151 831 753 829 537 92 811 250 787 611 594 367 644 94 667 357 897 782 919 121 767 732 730 170 262 4 303 215 378 525 971 636 717 69 219 991 500 8 234 855 304 140 242 959 916 427 322 454 116 354 485 44 346 746 514 943 696 484 18 854 608 439 487 162 544 505 307 794 650 779 824 88 371 880 473 569 576 649 622 58 928 130 615 195 739 917 243 858 306 160 910 850 348 765 177 980 74 15 231 584 570 785 268 591 51 984 908 493 938 967 827 668 710 791 527 338 587 840 659 440 98 643 793 648 637 290 894 433 789 302 922 289 410 14 837 883 436 225 740 563 777 165 796 775 524 82 892 430 671 750 554 800 711 540 192 400 498 240 273 882 565 744 741 81 19 723 675 920 438 115 545 328 355 278 698 899 953 523 993 534 762 764 805 404 725 226 80 479 512 97 482 238 933 912 499 1 515 881 141 987 528 232 758 113 228 336 136 377 516 12 763 618 397 276 738 688 155 415 663 490 203 197 627 652 456 96 508 60 759 148 924 189 774 375 117 529 191 457 535 944 679 795 163 838 37 298 258 184 549 122 370 504 697 647 353 808 201 778 259 70 301 212 642 158 448 566 331 45 229 164 962 41 128 297 25 635 531 929 428 472 211 580 166 555 470 455 451 749 884 245 186 747 903 287 199 891 625 471 379 969 511 975 503 886 887 76 909 755 66 674 387 284 292 391 695 932 904 419 685 368 221 256 417 701 737 53 360 748 866 871 249 713 127 132 994 342 460 719 246 661 281 819 7 682 728 921 204 949 957 356 721 654 692 869 185 564 996 699 279 607 878 988 296 780 168 75 429 91 977 183 745 426 270 99 761 873 532 492 937 196 686 309 28 590 131 900 255 593 639 63 77 3 118 941 834 599 71 769 955 27 305 715 848 801 247 154 731 40 965 264 345 657 956 425 108 961 958 629 452 966 979 595 392 783 577 414 913 112 680 973 323 475 282 359 272 125 406 946 542 889 990 21 126 700 496 638 102 389 724 825 656 285 830 931 989 344 546 945 992 733 190 658 380 986 142 982 575 34 653 539 364 727 147 712 205 672 176 445 567 182 879 93 976 343 790 324 522 754 374 568 875 520 620 936 964 64 107 95 224 280 722 188 662 138 518 597 434 206 536 978 947 423 24 630 104 877 489 617 10 411 33 911 792 399 291 67 602 227 477 2 902 526 157 517 951 396 187 925 942 586 506 828 926 683 235 251 193 409 681 845 605 476 124 432 495 706 159 49 835 488 317 940 844 832 152 914 42 552 895 541 651 339 412 20 836 352 896 464 781 708 885 78 645 694 860 480 766 970 313 560 29 501 385 461 543 341 562 906 248 494 559 349 798 571 821 601 253 444 47 361 646 390 30 626 888 812 16 312 469 443 703 308 315 73 393 934 770 143 316 230 502 145 478 776 56 202 372 823 11 178 640 691 863 244 558 690 843 901 578 26 220 89 786 459 39 23 181 619 847 530 510 839 358 631 386 865 173 633 718 572 413 79 384 274 612 760 87 677 174 670 491 918 362 194 874 83 180 915 702 43 68 624 923 403 59 600 960 13 213 803 167 950 604 329 209 773 687 261 335 22 236 666 218 100 462 519 614 704 223 288 533 814 340 330 366 797 513 743 150 17 416 254 963 613 382 294 394 373 263 137 557 38 120 134 333 327 521 864 233 388 398 893 806 129 347 556 802 395 46 139 314 369 842 52 985 596 437 716 609 310 538 705 585 846 449 876 852 9 299 669 109 817 641 161 621 0 983 216 579 853 995 6 320 50 48 634 664 939 867 742 171 930 149 799 172 210 86 861 954 207 453 300 768 103 592 952 466 332 474 997 208 720 106 815 402 271 756 816 573 820 447 85 252 144 31 907 293 981 401 707 818 581 655 751 363 337 856 623 632 326 84 5 442 156 446
971 315 655 1372 959 1147 459 485 903 586 194 1185 1202 37 719 608 356 558 1063 1400 923 1209 508 807 704 874 710 1140 808 370 314 386 1008 446 1023 544 186 868 1091 991 899 1416 514 674 1415 1249 319 301 364 382 359 1384 327 1036 154 240 58 109 792 1457 1137 817 1196 304 1499 1079 1286 39 205 712 496 115 373 1360 175 1331 556 549 193 1158 480 1363 769 1424 140 139 1135 548 726 1421 701 526 57 255 534 1468 1232 1344 1387 74 1187 527 187 815 888 1213 865 898 731 1175 448 303 1064 1129 210 1086 539 974 456 120 853 591 1497 75 800 454 244 863 212 531 214 698 866 360 493 886 858 1399 51 439 779 928 612 643 184 1028 351 1034 284 1157 876 711 330 10 745 378 1315 1107 1458 582 264 347 1059 259 587 1262 576 289 1208 1110 182 345 1330 1432 268 563 352 354 353 803 828 114 164 993 177 970 400 1174 716 188 45 810 966 1494 200 633 1112 805 159 423 401 953 88 97 1417 198 1027 1180 221 1402 1192 1033 206 464 201 263 125 467 1324 1177 1191 217 1236 777 1200 1445 1456 1303 331 260 168 98 601 801 469 491 425 1311 568 840 512 722 1224 776 960 584 156 223 1133 724 1117 1390 1052 689 1 1388 927 1119 905 1482 757 1298 785 286 952 685 921 1016 942 1411 208 783 225 613 1116 547 1005 642 510 1231 385 269 276 1451 275 484 857 524 7 486 42 659 717 376 1040 1227 1024 412 151 1327 229 1092 131 629 1017 1099 1389 1294 729 636 135 917 1035 540 670 118 850 324 374 1296 1058 398 1225 130 1060 1309 597 25 797 102 593 450 472 561 1042 571 1406 53 167 399 1002 1460 132 1266 867 855 688 1164 1414 4 632 237 1439 482 1382 760 725 881 1101 1268 71 1089 1130 1159 3 686 699 509 290 99 166 1055 112 1357 457 961 1030 282 915 1275 1446 219 1259 1492 742 849 709 517 1431 892 1450 1113 614 575 814 925 1467 588 1077 806 145 329 481 1166 1272 1069 964 1216 695 505 160 79 996 362 387 1398 1118 827 703 621 1486 322 405 1325 1103 1120 1394 155 1070 1383 43 962 185 343 1041 533 1215 442 542 930 598 497 922 427 1452 1193 116 523 449 158 702 638 224 1319 604 94 1139 1245 239 226 1217 100 462 49 152 1479 146 570 157 567 1076 715 1433 147 415 1412 1188 812 998 1312 897 678 441 955 1480 775 754 1326 1335 78 113 569 708 1290 1165 1111 648 751 913 763 1073 503 1329 1018 1244 664 832 975 1297 939 211 1170 1342 1461 209 645 878 741 737 1152 28 416 17 150 660 1333 873 748 227 1088 202 106 1476 124 1254 1146 713 1270 11 1351 767 1455 1322 452 641 1032 470 628 1218 1419 421 732 350 536 460 1349 489 1155 220 1380 1474 1169 718 1427 1012 144 1161 1341 298 1256 179 889 134 738 577 1280 954 388 1160 1237 821 1049 265 787 946 1178 461 1021 70 396 344 1271 1473 1378 1102 410 172 250 1373 341 299 432 963 110 29 77 458 834 311 933 511 1238 381 361 844 519 673 127 365 552 972 1145 606 1356 1173 27 1485 949 174 620 1304 999 111 204 696 1370 809 1306 466 21 758 520 914 1013 871 1267 369 490 1125 872 1470 1339 249 348 189 692 984 1053 1361 761 436 1308 1183 153 822 616 631 1403 789 408 851 285 253 317 687 431 409 830 973 40 607 733 475 41 983 1340 1352 391 965 908 565 1321 1496 1081 651 368 30 1393 516 862 672 504 1038 1284 243 33 1114 1257 977 119 443 1221 671 1348 1000 14 498 123 825 1300 734 646 278 947 1464 23 254 50 1093 18 818 599 277 1163 258 83 236 38 968 1379 736 989 66 1313 1276 890 337 138 560 1134 295 907 1109 647 627 16 245 882 935 288 471 1195 1067 192 9 816 943 714 47 349 465 910 951 1029 126 281 1404 1123 1255 1020 1156 1409 339 1108 1220 981 474 700 988 1279 750 610 171 445 1282 1395 335 564 883 562 1179 1104 595 287 488 499 521 506 740 860 838 133 1168 1068 694 1437 1095 346 589 1190 1051 76 1025 826 137 774 473 69 169 705 81 950 397 1148 55 936 1219 64 191 941 611 101 944 1251 1022 934 1233 1453 1001 605 1428 1260 1343 654 720 422 1229 663 990 559 1274 1381 1214 739 1448 1354 1336 494 1483 919 91 96 357 1211 1436 372 63 1205 325 1167 196 1007 1056 1011 650 1369 1475 583 1226 142 1138 163 675 669 623 513 791 784 61 279 759 744 402 1413 384 1121 884 895 551 500 1498 780 105 1207 1269 677 887 1047 136 1171 932 896 900 1203 313 1287 234 852 1206 1141 8 644 90 342 406 451 683 272 270 15 216 1153 976 824 861 492 1184 1358 995 1314 12 1253 148 1162 1338 1481 1469 271 338 1462 916 65 380 296 1083 680 34 653 1490 1085 389 1289 334 0 1223 393 122 798 980 920 46 1250 121 1405 1136 1143 283 978 233 1026 1247 841 231 697 1454 1410 639 72 958 634 80 1097 1444 602 1263 1442 434 574 764 1281 1061 366 85 782 321 1210 273 292 318 1420 84 1332 1043 495 880 819 893 845 615 195 904 768 108 183 728 1277 522 617 367 1151 363 161 238 326 1310 773 869 1181 1441 394 1359 60 994 1172 257 668 256 864 557 756 1150 619 291 515 875 1204 1252 300 625 735 320 6 1447 945 1495 1293 1353 1082 73 1396 1302 395 1248 1065 426 1465 1182 1316 778 979 1105 957 1098 293 323 992 1037 538 640 813 836 207 691 1044 19 235 294 1075 550 578 1337 501 1466 1364 1015 222 32 358 411 859 429 1062 997 1199 676 1258 1288 20 781 940 592 1334 316 1003 1376 665 622 1429 843 419 262 1222 1078 652 483 554 926 1491 1057 967 906 141 308 820 274 507 794 403 430 1488 1228 891 199 1328 1449 435 1401 528 413 1014 1066 215 1434 178 1144 762 1368 502 1072 390 1285 1115 635 1365 788 1323 104 618 1391 453 706 723 468 532 1362 1430 1045 379 1346 854 67 656 885 1487 87 1418 721 1477 1317 1440 2 1385 579 68 377 107 987 684 52 626 1301 418 969 1106 1295 870 1132 309 1131 1142 1080 1408 1471 26 1189 909 1407 1094 1054 129 306 1096 796 404 662 1241 1292 1126 1374 894 165 1004 1371 1392 1426 901 1074 375 22 218 1100 938 103 1122 305 307 310 842 190 59 252 572 1484 336 553 1198 48 82 848 1443 747 986 128 555 1176 982 545 1194 1345 1425 682 355 811 770 1246 1235 585 530 948 1240 1320 681 1071 1478 765 1186 438 1048 143 658 833 743 433 727 1084 5 924 931 1283 937 1201 1127 795 280 180 802 424 839 918 1435 248 707 518 420 630 173 1230 1299 1307 455 1423 829 1347 649 749 407 414 328 241 24 637 690 1128 1154 479 912 1366 31 1212 911 793 181 247 332 203 753 804 149 267 902 546 1264 790 1493 766 566 609 246 746 1243 251 1386 1489 476 537 1350 93 879 1039 176 197 261 266 1278 1367 1242 392 624 1265 600 242 823 1234 477 580 1124 228 1273 428 1318 1355 35 831 340 1397 1197 1019 1463 230 541 877 837 1046 89 786 92 596 594 1090 661 1305 1261 730 603 302 437 799 383 162 170 525 95 846 86 1050 590 487 447 693 463 36 535 1459 333 666 1422 1031 573 297 1239 312 1149 529 1375 444 1291 54 62 232 657 1010 417 1006 56 213 13 985 440 371 117 1438 679 543 847 755 956 771 581 44 1472 1087 772 929 667 835 752 478 1377 1009 856
1060 760 1087 253 1142 1821 601 1433 325 1240 767 744 1822 1916 1498 547 131 1208 725 1649 848 1379 1925 902 809 782 804 1427 1611 787 1211 1845 1738 865 1259 971 1913 414 882 274 707 576 1839 1182 83 1180 1442 1721 81 994 1184 1837 1294 382 1401 1279 1920 1127 1638 1098 98 1106 1793 907 1553 924 921 1555 110 1788 66 1835 49 1789 420 132 119 288 1053 1743 34 503 1477 424 1319 1102 80 1965 1309 1293 911 954 233 1149 42 1696 1597 1894 1500 227 1386 633 1718 1950 1117 1136 230 1045 1622 1595 170 596 1940 1978 1783 342 1871 249 1375 1770 569 1388 650 153 534 981 1634 1359 373 1742 1075 1178 322 764 1725 1890 1702 1420 99 525 1265 752 75 1855 597 518 183 446 1363 1728 825 1095 1131 529 1692 1539 1073 1568 976 1 1158 1424 948 879 224 830 1538 854 1018 333 847 495 296 1735 1001 788 1198 1467 1786 1627 770 1141 880 964 21 328 208 1541 822 350 1407 364 574 1798 326 428 136 735 340 1530 1264 345 1317 61 1784 1752 287 1199 866 203 1286 462 147 1229 749 535 1403 801 1825 137 258 789 586 298 1030 1416 1016 379 1969 623 1305 1138 387 673 486 1987 1202 372 639 1503 660 526 289 1975 146 1070 915 57 1280 1639 672 939 765 193 1949 1998 1607 1973 490 1171 722 1906 0 1248 1000 484 407 1943 1628 908 833 402 1347 1955 358 1631 386 1667 1234 579 527 1283 917 452 1579 73 1315 1708 562 1364 38 1615 347 1486 492 351 1918 11 1911 713 1953 409 1103 1121 272 570 785 1629 1575 1034 980 19 70 301 1773 168 172 634 1048 1659 1944 1009 612 429 608 1679 419 145 1411 1017 1908 241 1867 1257 395 1528 1251 1534 1080 1934 897 1204 1630 1456 1760 1983 194 1723 1747 425 1147 799 1446 1927 1062 1684 1856 1245 111 1902 103 1981 991 1381 1544 683 780 1412 151 1687 1956 831 1151 1862 1419 115 1565 300 1853 1020 378 1843 185 1422 1210 1056 1601 1431 436 1059 1413 476 1039 481 60 899 1968 268 1834 614 187 315 631 589 1438 920 1071 1695 1909 65 704 896 226 844 451 1691 1724 427 1680 932 344 1942 1466 195 784 499 24 1193 1513 1222 959 1299 669 39 290 1815 370 471 1964 1905 466 352 1216 962 1321 450 13 960 1868 720 684 308 1800 1640 271 167 1939 1260 1185 1992 546 740 1081 1418 222 1960 1470 1999 802 737 1524 1814 8 1320 6 368 1820 551 1188 1443 267 582 89 739 1002 869 169 506 1889 625 418 470 613 188 1461 909 528 94 1852 1176 927 204 121 1354 1778 68 1792 706 1428 805 1769 685 1750 455 1754 1302 1561 966 182 505 1099 838 1450 1540 667 1907 1406 1167 1409 323 354 1341 1899 154 537 92 399 1935 1603 750 901 1688 125 1806 1763 715 1144 1252 1338 795 1841 1036 548 33 1613 337 1669 186 1739 856 605 232 773 1123 1072 1150 338 559 349 1118 636 29 796 1781 1989 934 992 141 881 895 642 573 1581 1663 330 995 1476 1374 736 1991 1353 1083 1021 755 1805 943 434 1496 1602 15 1487 460 1357 1509 1249 421 120 1086 1263 1557 1866 1262 184 540 1333 1693 1780 438 1977 52 1214 293 1810 1699 1993 275 862 655 388 828 197 12 951 1135 756 254 603 108 658 498 123 1089 260 1474 1332 37 1632 1013 624 1512 494 1860 1885 1644 90 940 963 468 1963 392 437 1761 1383 745 1164 189 1610 1326 1137 1296 1122 1515 401 18 653 999 762 126 592 1324 1004 1776 1453 1804 1005 1878 1360 1033 390 1162 1112 1881 1660 1192 72 1454 1116 663 250 835 699 489 1976 1157 1517 1028 309 192 400 1445 480 1288 1052 972 1217 175 263 1587 986 989 1492 1355 1560 888 953 173 913 415 985 171 742 1224 456 545 118 1206 1132 696 1228 396 242 1100 700 1054 887 1475 1616 1671 730 1785 863 397 417 1593 947 1958 1163 245 44 1463 1079 135 1350 1545 1008 234 1830 1737 701 1290 1637 1282 1833 443 689 1662 610 365 1985 666 1186 1914 584 1765 487 1675 1181 522 273 654 317 163 1990 912 1655 500 485 1076 1802 556 1437 162 496 53 202 1931 78 520 256 369 678 1633 55 205 1451 675 861 56 1006 686 324 1130 1762 1024 1423 719 246 1499 1195 157 507 776 1258 670 1592 1035 1600 445 531 9 692 717 729 1712 1525 1291 1067 1996 892 1281 1356 1043 1895 464 1971 1653 383 1153 332 886 769 502 1366 158 54 1325 817 472 312 1482 1444 541 479 152 1709 523 965 473 1842 1471 898 1289 410 210 1797 299 291 148 461 557 923 403 871 360 374 568 619 1108 891 408 1608 820 1586 1658 1023 826 362 961 632 1287 1452 926 1187 454 1434 1124 746 812 1394 394 942 792 1051 1335 58 1307 1801 28 1439 359 1110 1756 1194 874 841 201 45 638 816 294 1962 554 1027 741 459 786 1261 630 708 214 726 905 423 590 87 82 1340 651 990 609 1402 815 1239 1057 1727 1817 1468 829 946 868 114 1015 1864 1303 215 1268 441 1870 1440 416 1088 1285 1267 356 5 84 1448 516 1807 622 150 17 1846 777 1104 1812 1219 1546 945 1823 1749 1382 779 978 314 235 984 142 1915 1706 1772 668 1109 671 47 1809 1278 259 778 48 292 277 269 988 549 223 803 1213 723 1836 1134 1120 1624 335 2 431 1055 677 1421 1272 389 134 1010 411 1459 1719 1175 646 1734 285 1174 1038 207 366 797 513 1312 16 127 855 477 79 385 133 827 77 1717 1848 1414 353 74 59 775 987 1921 1617 1961 179 1548 1654 305 1097 512 1947 1614 1244 447 629 1511 1177 1337 1469 1011 1505 493 665 1813 1588 536 849 555 1225 977 448 566 339 488 217 469 363 212 1986 1389 1274 384 1085 404 906 919 1594 591 530 772 952 728 1625 761 878 3 791 1270 1827 1677 1898 1733 1435 1892 1711 1373 1768 1875 346 109 1152 1543 107 941 1714 1254 647 931 656 1599 1092 1514 93 1101 439 709 1994 1520 1951 1298 842 475 1502 857 1501 1058 1393 482 1238 255 524 124 1831 1026 86 1126 1323 1507 1685 435 398 1877 31 380 1105 164 800 36 563 405 1716 1532 542 1090 1838 664 870 1430 928 1128 1865 1674 564 1243 1329 1301 922 302 643 602 67 781 1972 304 517 790 1391 76 702 1686 763 1012 1236 578 810 766 1336 1491 1552 1571 306 950 1673 893 32 1533 611 85 1170 588 585 282 1910 751 1441 319 1941 691 1605 727 1590 102 903 721 191 1343 1790 62 1465 993 1967 1704 467 714 376 1226 64 1107 1566 228 1926 997 1882 565 1744 1682 442 178 1938 679 688 14 1730 1384 561 1156 23 181 478 697 1351 166 1172 1710 982 575 823 209 1974 1819 27 1884 1651 680 1313 1521 1404 1774 1549 1578 1645 1330 884 1764 1316 280 1970 1223 1661 101 155 910 1255 1620 1066 237 1311 832 1385 432 1484 1063 607 1794 1621 783 616 1656 1242 1113 196 156 1169 1295 22 859 1995 1558 463 1771 1396 1912 843 1562 674 1314 1959 1408 1519 117 375 30 430 1537 1857 264 1029 743 1741 1522 221 1145 1308 1887 1488 873 532 1844 1084 553 867 1221 644 583 248 1869 1554 278 1049 1618 1510 1874 1179 1799 149 1046 1937 316 1068 581 229 311 821 1378 975 1266 914 1047 571 96 247 406 1619 1037 252 626 1237 1352 270 1988 1472 1795 501 1007 819 1233 593 1143 1387 1707 1758 515 606 938 1657 958 1342 732 846 1365 754 1893 122 937 1872 1349 1247 240 1377 929 1154 1979 853 1344 104 710 1481 618 1372 1003 1042 1726 1275 112 1526 1114 334 1816 759 1650 894 1705 1429 883 1516 377 1212 768 1896 933 1697 348 1897 444 1253 974 1494 1982 1405 457 1191 1148 1863 1497 1218 1767 1563 1676 1205 144 1713 1666 257 837 1014 97 1215 1917 758 1339 1808 979 412 1775 43 381 860 1612 1392 1410 1447 1757 474 1025 690 199 176 1064 1829 1753 890 807 1304 1140 1635 1077 63 138 1766 595 26 604 1220 1276 284 514 508 1464 1984 1535 875 864 1531 1417 198 1093 1759 794 599 1369 313 1523 1050 1636 858 1415 1701 1425 174 1626 371 813 747 552 10 955 1346 617 91 139 295 143 1642 798 1495 1746 771 1851 1946 71 996 1883 1591 51 1297 724 1672 357 1648 1574 1256 1362 1232 140 648 711 1670 1859 465 1929 1457 544 1966 283 1200 1189 1462 100 1748 705 1585 321 1930 1828 1146 177 1980 659 834 105 567 225 687 1900 956 657 180 1811 1166 1729 159 307 558 1173 1923 1876 1858 200 1564 1933 216 1032 550 840 336 129 806 1161 1227 261 1703 1273 539 266 1306 645 694 510 839 637 244 1040 1891 1567 1787 1847 1715 877 1903 279 1643 1074 1168 433 40 1165 808 50 1850 1504 497 343 511 600 731 236 695 1818 113 1455 426 1139 1551 190 1559 1460 628 35 331 1861 1840 1331 1580 1572 1796 1518 1932 1641 814 329 1096 1547 1201 1919 1997 1589 1573 1479 580 220 543 1832 303 1398 1570 440 1508 1082 621 1720 1235 458 594 1652 1300 1826 904 1327 1901 1598 1203 238 1019 681 1041 533 560 1197 1745 239 1945 219 1458 318 1368 206 1536 1091 1668 327 900 716 41 491 1948 165 262 4 1367 640 572 718 1271 1577 1328 916 1569 957 949 1854 753 1779 661 1489 1246 1782 1665 449 276 1609 1190 7 1722 682 1241 1904 297 25 1031 598 983 1849 1397 265 1596 46 889 1542 231 1078 1928 393 1478 1922 1683 1582 738 1584 1529 1550 925 1183 733 130 615 483 1689 1196 1936 95 211 1924 1370 1250 1133 1483 1957 1740 836 1736 620 1886 851 88 1207 1954 1426 627 641 161 1094 1493 1209 422 1119 757 1322 1731 712 218 1159 1751 1606 818 1732 106 1623 635 1490 1334 1111 1022 1803 587 1952 453 1694 1231 577 1698 361 1115 1155 521 1230 1647 413 1485 930 1880 774 1873 918 1358 1664 1044 824 341 662 1361 1318 160 286 310 538 1755 1888 935 1129 811 1646 1480 876 20 1678 1576 649 968 885 973 1473 1556 1371 509 504 998 1277 1400 1700 1390 1310 748 936 69 213 1681 967 1160 1604 852 128 281 734 1449 1527 1506 1345 703 1061 872 1125 1777 676 1399 1436 969 970 1380 251 1791 243 1395 1069 693 116 1690 793 320 1065 519 698 1879 1432 1376 845 391 1292 1284 944 850 1348 1269 1824 355 1583 367 652
1906 639 1435 14 1207 2105 830 973 533 2190 1802 200 88 50 1190 1375 323 756 2324 932 1187 365 1751 648 1494 1165 2072 2431 1904 125 321 852 878 351 93 709 1605 1846 233 392 337 2456 231 2226 478 426 1848 1707 1581 849 1006 1985 743 2488 1522 1082 239 133 1977 515 2426 1761 2315 1152 483 703 376 980 124 1433 998 966 1364 1170 2409 2353 879 2249 2489 629 605 1277 236 636 1837 899 2068 119 512 1613 1606 2293 1787 170 382 2316 1734 561 42 1733 1456 1303 1779 1472 1712 1960 145 1956 755 563 2000 182 2296 138 244 240 2304 1662 1145 82 525 595 2346 1746 927 1780 2396 2113 2019 84 5 1873 491 1469 1263 1168 158 2465 55 484 1449 1274 1726 1900 923 1710 1137 1524 1357 685 983 1483 1700 1886 1585 1147 1 37 1384 621 162 344 1072 939 1566 228 245 10 1045 597 2437 722 439 2163 260 902 472 1417 1426 1074 2034 497 234 1874 2341 1334 816 1222 1644 1833 1344 745 1129 1064 2328 1909 1756 864 1200 1880 2430 166 1666 345 2005 2466 1764 618 2368 2049 1106 892 576 798 1143 1636 1367 2160 737 1227 2257 620 1806 146 2048 1786 701 1921 1185 470 584 350 2401 1696 1154 2022 1554 571 2282 843 590 1398 1542 1672 2319 141 1629 81 2117 2390 469 1182 2 1948 154 1450 434 1440 1641 1732 1136 1336 1354 1432 1016 823 462 632 143 1094 604 385 2070 1193 834 2003 1192 1179 2441 1286 2403 2172 862 1480 327 961 1865 1290 916 1671 2116 1400 2118 1321 981 662 356 1413 1964 1789 1339 2402 2277 77 1701 838 28 2152 35 2468 2244 2199 1550 1402 66 489 1850 130 680 476 1029 564 1916 1484 1721 1363 487 54 1573 971 1853 712 268 1980 713 2349 612 2143 999 1546 433 742 1314 1031 1057 1107 1571 1224 1247 1912 2084 2416 1077 1997 2200 1545 579 1385 1470 1177 2480 733 1475 2156 2250 721 805 598 926 1242 1135 986 967 326 1861 1514 585 2379 997 2440 781 131 1022 1024 1529 1008 1268 1291 1189 1349 2372 1488 499 2320 220 128 1922 1577 1784 1360 300 1422 2223 2043 1430 1926 1219 2137 1012 1596 2400 2112 833 2212 2073 2180 1056 2420 1818 2377 352 1568 2302 1281 1694 631 2240 2361 2141 908 814 1075 1947 2078 2227 1485 51 1338 602 1765 2033 1919 818 799 149 1258 2233 183 1738 2237 1191 2422 958 1102 572 1390 257 1857 1439 673 2011 1055 1809 1324 1760 575 541 2475 1661 307 1079 1858 785 858 1724 19 570 122 1424 2303 1340 1815 1965 656 1115 2042 1141 1300 1427 1503 1101 2189 303 417 760 225 2047 1852 391 1551 2435 2067 1758 555 1198 1622 159 1041 466 989 1690 1042 2030 1782 136 949 2016 783 1924 2171 315 2197 1950 1804 517 410 1195 2406 1080 649 804 1768 112 956 1646 1438 1843 946 452 467 1887 1633 1870 1493 1437 1998 1706 2202 1169 974 1269 2375 948 1366 1085 857 1309 933 1817 1283 1326 89 786 219 1069 676 559 867 2075 2421 1987 803 963 250 1583 1604 729 451 48 2288 2248 437 1296 1202 1961 1209 1352 330 1004 2449 1988 1093 2216 358 1840 1458 2107 657 459 1927 1112 1010 540 1923 1293 2146 264 1587 3 75 1970 710 2031 2443 249 2093 85 2389 1564 577 25 2132 586 404 2050 1689 839 1279 573 1918 547 1036 285 1294 1540 2104 1319 253 1759 587 2254 1523 2148 2345 1122 1518 30 2241 653 1266 339 1110 1489 1754 545 977 529 455 746 282 872 1747 1153 375 2231 2474 342 1387 844 608 2062 238 23 542 807 473 1769 1603 1593 790 1792 2123 641 539 1674 2262 1914 1527 1249 778 1639 140 1063 2167 2028 752 1176 987 2294 1814 2337 594 442 36 460 1725 613 1911 1050 111 1492 1699 1821 1836 1332 942 875 1131 652 153 2357 1959 1441 1341 2235 2385 1318 18 1962 2139 471 815 651 74 764 766 2251 767 556 1549 212 1148 1834 115 1066 647 2267 2193 985 1301 524 2287 1368 406 173 1098 883 828 2271 1757 1124 955 1536 765 79 1903 102 2255 22 1718 1351 2459 2053 1180 592 164 1226 498 882 1157 1092 1828 1070 2007 2044 749 1348 0 1849 1482 1231 167 1111 169 2134 679 1232 1395 536 1419 1013 1436 623 863 1752 1062 2086 1014 1881 1011 1362 889 1931 1854 1579 901 1844 274 61 1284 1052 1621 2486 1945 195 262 1902 847 2100 2111 898 1356 1295 1127 1223 714 422 1966 1358 411 1750 243 2325 302 49 526 2201 1727 1533 1941 1781 2348 2448 2483 99 2309 222 418 1262 2065 689 1474 1829 2096 1728 1584 1431 2484 776 226 664 1963 1230 1007 715 891 1556 2243 1415 719 1428 43 2094 2247 655 1929 221 936 1463 735 1320 1978 435 1194 275 373 2418 360 2404 633 1418 560 359 672 725 456 1261 272 1946 324 850 990 1517 2225 2260 414 915 1785 24 1051 429 1800 548 1201 1890 490 1175 2052 880 65 504 29 1345 1790 1323 1500 1871 269 157 1862 1086 2354 2115 2429 1720 255 1099 2307 1679 1808 1630 1365 1374 659 704 1473 1181 21 684 2114 1705 532 692 1783 1772 2220 2025 332 2268 682 175 338 1981 1715 492 1589 2463 457 846 1095 591 1939 947 1299 190 52 1278 369 650 495 589 802 135 578 2015 616 347 1986 261 363 90 83 2394 506 552 2038 331 1957 1709 1337 1743 477 1791 1091 538 349 2183 1570 711 409 1538 1555 2083 2327 2414 386 979 1575 168 97 1214 2412 134 389 56 1885 773 661 2174 474 2423 1558 1282 402 1130 1369 2238 1745 319 251 2230 292 318 964 1569 1944 2297 1600 1968 431 1478 2150 739 2032 2492 1459 812 2138 278 2300 2097 2470 1113 1695 216 640 841 1215 1608 1899 486 2356 194 187 202 1088 1467 496 1940 1755 2295 2370 696 1544 230 688 2080 2085 1116 885 333 1216 873 603 174 1652 1708 144 2387 1208 1620 962 1594 1796 836 341 420 1297 950 1892 2013 1543 26 912 1648 399 1447 1156 1100 2331 1897 1451 287 20 599 2408 1203 400 1302 1078 1984 771 1872 1285 252 1811 1361 2305 1995 2055 2130 62 924 380 2453 1511 835 740 925 1234 510 1928 2326 897 1771 519 1160 1588 1237 1059 1896 2497 148 1254 904 837 2393 853 1827 530 2181 2460 794 801 1380 1210 1205 2274 1967 1704 2308 204 1377 2446 896 911 726 423 388 2391 1446 502 1298 996 247 1702 27 1292 523 965 1017 1952 206 2252 1519 1073 580 1289 210 1610 1597 1404 2188 890 1397 1197 2445 1121 1510 142 381 943 38 408 2276 2273 336 1835 1023 428 2490 1288 70 1657 678 2036 33 1513 1386 2173 1149 940 1009 2182 2218 1174 72 1976 829 1766 2491 1481 2091 1716 1803 2008 1506 601 301 1307 1845 2119 2479 2411 370 2311 440 2157 2323 1139 1245 645 86 568 2380 782 1748 903 176 606 1382 232 1053 1816 2376 842 1370 748 1065 2410 1866 181 2329 2203 1313 47 171 242 1619 2384 895 1687 2280 1614 2334 1810 2089 1317 493 2381 1667 2232 129 1035 751 1737 1655 920 1825 1561 68 775 188 1823 1841 438 1383 716 2432 248 1735 104 118 982 951 1146 674 513 488 1617 1229 1118 1271 2343 1659 1898 1819 1330 824 1465 1408 2434 881 1729 670 1651 1315 1276 468 2131 2444 1691 2359 1280 1159 2371 1504 396 177 1448 553 1173 1109 2473 871 449 445 2425 2155 671 401 87 1445 1516 1599 2442 2340 2382 291 2175 2088 919 813 1328 551 2208 98 2269 2291 1607 747 695 371 2455 1117 1491 1642 2261 2099 2339 634 394 2482 1316 1574 809 1306 53 624 744 1068 1842 1697 1673 2210 848 663 229 2283 1372 501 1951 482 463 787 1186 427 432 905 2021 1155 894 558 1410 2427 607 1692 328 1225 757 421 9 1618 505 1990 1864 2383 1799 2374 1763 1235 792 1877 197 310 543 1040 184 1860 101 1389 2213 2253 2101 110 57 761 1058 1991 2438 1164 953 1401 528 1221 522 317 147 1801 2211 665 387 1910 593 297 507 1930 364 1777 1378 254 2317 1888 453 1813 73 779 1061 1081 132 611 2204 1183 1228 1683 120 1054 730 17 1001 100 2020 876 1003 2077 1199 1935 58 2064 969 1624 1831 1312 1212 954 280 2266 2258 290 1744 7 1832 397 2128 2419 535 95 1444 1767 2245 214 534 1496 886 1163 610 1373 960 1371 2004 2051 1627 1591 1033 1993 237 694 2024 2413 1471 1526 2057 1032 377 1839 1090 1103 1521 531 705 69 108 299 675 1615 777 34 241 976 754 259 1327 763 1559 600 218 305 1612 2185 311 614 1497 1955 1067 900 957 518 1244 1553 1252 1310 2154 2292 1884 2263 1486 1490 913 780 1934 825 1974 430 2481 544 2236 2206 1265 1905 2221 1631 907 638 2178 2010 2127 2229 1509 1547 1508 642 361 213 1167 2196 207 1889 1714 1681 465 2012 1460 1592 1158 1120 2037 514 446 1342 753 582 306 1429 1259 537 314 1580 39 2355 2106 945 1132 1879 1994 1071 1530 2191 1868 461 503 161 348 854 355 1643 2239 826 1025 1822 1260 1794 1502 1240 407 1925 2301 1901 1576 1719 683 1083 784 1343 2313 521 2095 860 1989 1932 2061 2198 1104 1250 1749 366 1770 2103 1992 1060 1638 1572 1717 2058 677 2074 15 2344 1505 1248 1645 256 1795 851 1807 1824 1628 186 1499 2079 1119 265 1046 215 2335 793 2192 2009 2373 419 76 2087 1461 928 1969 2060 1452 2417 2275 1797 1399 1736 1548 1582 2272 1678 2399 1355 412 1567 731 1468 2214 1421 1391 199 2464 40 1534 2018 1264 2364 322 893 1253 1138 1663 258 2447 279 627 44 581 295 1528 2145 1142 1640 424 2436 2342 888 1213 827 2153 1331 1675 1537 2224 2439 856 31 2407 1731 63 372 106 1233 1775 1917 320 666 343 832 479 562 2433 2166 2405 447 1021 1047 294 379 720 45 774 2039 1376 2179 2098 309 2165 107 795 1958 1412 565 2246 1243 654 283 1609 817 1656 1241 2278 707 557 1359 681 4 395 2242 8 859 718 2472 235 1304 1856 952 2056 1753 588 2090 362 1878 277 865 1623 1457 450 993 1682 415 384 1975 1000 2195 820 2102 1820 717 2362 198 1915 1097 444 1434 2494 1693 2366 819 772 1087 393 114 263 2041 869 1114 1847 1188 121 1670 759 930 2081 2069 448 1938 1409 1089 975 797 46 1859 224 845 2149 1943 436 668 988 811 2312 2136 1246 246 2159 2477 2493 1108 1973 1552 1867 736 626 12 2177 2289 2092 1218 1515 2360 1560 1335 1851 1381 511 1722 2424 769 2498 972 806 403 1347 1479 1184 922 1601 270 105 1329 1018 2386 1044 691 64 1740 179 1658 2338 994 520 660 2363 2135 357 116 1002 2398 1937 546 1875 481 1535 1869 732 1123 1983 934 494 1096 800 2006 959 1647 196 1742 16 1256 1162 1015 1774 1462 2046 2388 2023 2001 1392 978 1255 2428 646 308 810 1883 1676 706 2499 1562 2054 293 367 2126 335 298 788 2027 2332 329 266 480 992 968 2215 724 178 441 554 700 2285 1598 2168 1454 2487 11 2330 2310 1305 1680 1027 1487 868 929 1140 1863 2333 2147 151 1204 796 390 762 831 1134 667 413 2279 1611 1020 117 2298 2122 2063 1637 609 193 549 1217 405 281 702 211 1416 1238 921 1882 1688 1713 770 1476 2082 1632 313 1616 768 1595 191 354 1590 1407 60 734 991 316 1275 2133 1005 1933 1788 209 1423 574 113 2318 758 970 1830 2450 914 508 1128 1037 1826 937 1586 346 1876 1350 1739 2270 2129 1635 304 1895 1498 622 1626 2392 1403 1531 1388 2351 2476 1411 1043 2352 1996 669 2176 1512 2471 1539 205 2321 887 227 1812 1150 2219 2158 2151 32 2209 443 1669 1541 2144 2314 2217 1971 2017 150 2228 2108 2369 1026 1267 690 1466 425 1311 180 78 1954 2462 1353 2367 1379 1698 1393 1953 687 2045 1161 1144 698 1653 527 2485 340 96 91 866 2161 2365 1703 1406 2071 2350 1443 917 1030 416 2234 80 1625 1685 941 2120 217 2014 791 1405 1723 1778 2478 1171 2451 1239 1578 2109 374 2347 1453 727 1730 458 658 94 708 1677 208 699 1665 1455 822 874 1972 1206 1894 1151 630 1420 103 1178 1325 1251 368 1308 1034 1125 271 2187 1838 378 741 821 1287 738 2358 1563 1477 1048 643 1602 1805 2322 2026 2059 1684 984 2457 2415 1396 2164 1634 789 2142 1084 855 312 2264 2207 995 165 1394 185 1982 1172 1257 296 2076 92 2194 931 1798 2299 516 126 6 1028 1507 910 109 877 1133 723 1949 1333 583 619 1979 918 1273 454 2169 485 1942 635 944 189 1893 500 1762 2495 273 137 2029 693 1913 569 909 59 276 1660 2124 1891 1270 2378 686 1711 172 2336 2306 2186 41 728 2496 475 286 1019 383 615 123 628 2281 1520 1741 267 1649 1793 637 289 1211 1907 2397 566 325 596 2184 1686 192 567 2162 1126 1166 1654 1049 1425 2458 2395 2125 398 13 2222 2002 2205 1196 127 550 1525 1501 1855 1414 750 353 1668 1773 155 935 223 2265 861 1495 2259 617 1650 870 808 1664 1464 2290 1442 71 1272 464 201 1039 1076 1999 156 139 884 1236 2286 160 1105 2461 2284 644 2467 625 67 2469 2170 509 2452 1220 2066 2110 2121 1038 284 697 1557 152 840 2454 938 334 1532 1346 2256 2140 1565 203 2035 2040 1776 906 1936 288 163 1322 1908 1920
1879 802 2054 992 480 1108 2734 2649 881 2586 514 890 162 2247 805 1667 223 1133 2545 1457 1239 945 1211 2032 36 2263 2220 2772 2850 2913 370 1411 80 634 789 2652 1379 736 1149 2480 2562 975 1328 1417 2192 2098 2638 365 38 1064 1994 174 2736 1518 42 1073 1353 2074 557 219 1259 283 2317 1533 844 377 772 2741 2637 542 2530 1240 1674 859 1136 340 401 423 1181 1465 2793 1062 465 731 2158 1644 1125 287 752 1256 2405 1392 1501 839 2225 1769 710 1222 293 2776 2292 2497 2344 2112 1833 2616 2663 1797 2635 76 1930 2104 2584 978 798 1254 1566 1990 1531 1043 1576 1039 1901 2626 2306 654 2437 1563 1892 2440 1416 2558 2316 229 237 434 2401 1908 725 2759 2053 1931 2209 2340 1550 1184 2059 1653 755 2456 435 2383 182 2610 1347 2526 2161 708 967 64 2267 631 616 1816 1952 2167 1656 183 1070 149 1037 1175 990 2973 2630 1985 2745 2628 1049 1137 2519 2577 1583 1554 65 2716 1534 2950 1551 1082 1573 1420 17 1480 1201 222 2495 2822 1825 1251 2194 1870 999 2802 1504 356 201 548 508 1059 608 2657 190 1519 2113 1753 1921 2460 1169 346 204 1588 1687 2572 2070 2532 2785 2921 412 2100 1156 2150 830 2718 1639 140 1015 2864 826 1654 1375 1029 1077 1941 1080 39 1286 1146 2866 1726 11 2580 649 158 958 598 1871 2302 2786 1189 909 1357 304 2052 1575 1624 2487 2369 2523 1087 590 981 1591 2197 488 1988 1617 1426 1051 2064 1821 1445 2106 1218 1660 2449 249 1834 1702 1890 2650 761 2517 355 1143 19 2491 1216 1065 1620 217 1236 1669 1802 700 468 1705 1539 2621 474 1174 1927 1803 448 1757 271 1487 2527 2953 1902 491 1845 800 2470 2930 1664 1022 701 425 1263 384 2537 2320 1441 1033 2549 2350 721 994 2168 2454 2599 500 2195 2174 966 810 13 213 248 437 121 1141 1129 723 1836 2762 157 2710 1226 2998 278 1170 1603 203 813 2336 2989 2845 2777 635 2034 808 952 1914 2702 227 2102 1458 1677 421 146 665 684 521 2285 1377 1571 1993 1094 1207 1605 1897 1964 613 2236 2044 1152 737 882 168 409 1311 1489 2447 1824 850 2703 1366 1158 1310 2185 659 811 1867 2708 1934 1394 2395 2625 2680 1027 1951 954 314 405 447 2504 330 812 2936 2026 939 2011 753 2722 1685 1002 2897 1738 714 86 2143 1642 2583 2283 275 1413 476 2681 1451 2909 845 1791 262 241 704 788 2869 2810 1354 2753 1428 136 2117 2019 804 782 221 1131 192 1067 2335 1485 884 1855 1409 1163 1386 1075 247 2332 1997 208 498 933 2463 303 2564 73 1393 1953 1452 589 2126 2620 402 1382 1056 116 1515 1760 290 563 526 1412 1888 2371 1815 2088 1849 2001 1651 1167 325 481 821 1337 323 787 1665 1911 2518 497 2798 2507 193 695 1119 2837 2970 496 2232 2685 592 2493 1229 25 2297 2982 2778 1510 2976 2173 2559 518 1920 328 1704 1547 912 619 175 242 1650 2255 2720 2408 2697 2360 1403 413 2028 838 1031 2160 1604 2281 1298 2755 996 2754 915 483 1700 364 2410 2310 512 629 131 875 864 35 159 1466 1456 289 2557 1691 2823 764 98 1305 1446 2046 2193 2239 1745 99 1439 2561 676 2738 2576 930 1107 2809 87 579 691 1044 820 1799 2478 2039 747 1883 1817 2971 2925 1709 438 299 1543 1473 282 1895 499 852 1248 2783 531 1034 2617 561 1720 913 1183 1938 1692 1863 2471 2694 950 2288 2609 2592 2191 1090 2933 2859 46 2169 1454 580 2085 228 573 357 2396 2056 601 258 577 2525 75 4 1613 938 1493 637 1524 181 329 935 778 66 977 1281 2712 2651 2223 652 1060 2513 2240 1145 643 707 2394 165 2764 1303 2728 2731 1052 1784 1074 2481 2290 2270 1713 2188 376 220 348 1138 454 1744 1828 28 416 1290 1829 1316 1933 2183 2995 626 2975 1369 234 2792 2508 2330 2505 49 1618 757 1325 45 2341 703 408 350 546 2036 946 324 1462 310 197 1344 1774 1449 1063 1295 2256 2016 2490 2119 647 1190 1435 918 2634 1367 1007 191 941 1147 1696 1081 393 1840 358 2607 2278 2231 1358 2303 846 1586 1507 862 672 30 2833 2782 1646 2078 2751 1582 1555 2327 251 2730 285 347 1727 266 904 264 1336 417 625 1560 888 1396 1202 2357 905 334 574 1113 2862 1327 2536 2588 37 2381 369 2560 706 961 658 1913 68 1736 1823 1746 1495 2282 505 9 1006 56 291 2499 565 255 2865 1427 1476 2266 1017 841 1265 2259 2407 1419 2083 668 2272 588 1467 489 1350 2037 620 2219 2724 553 1381 1820 717 1235 1009 1960 1242 272 2300 148 819 2233 1423 1243 1562 900 81 1992 1363 1432 459 1874 1662 1959 2540 1783 154 71 2980 2326 2727 1237 1796 2830 1818 927 107 689 2210 1928 2890 1479 152 254 1789 911 2164 1963 235 928 1942 1488 2945 451 2602 1024 1513 2135 1961 96 2051 342 2130 2234 2791 2665 1699 1857 502 298 2756 2800 2627 1088 767 2744 1111 779 1626 2391 2603 1717 2058 1275 1038 2784 1764 478 923 1400 1302 2190 2068 2216 2492 2436 1984 1210 1773 2968 2826 537 2752 2439 1758 1885 2245 1247 1026 2331 2177 1800 2445 2467 118 1950 2222 2878 1072 300 2726 128 1491 926 1940 696 1548 82 576 2715 1759 93 879 1670 1592 632 2215 2918 2145 748 1227 387 1280 180 1177 2252 2852 1973 2693 2367 583 2144 2453 1568 1388 2030 1418 2159 2385 2643 2963 2393 281 1957 378 1042 2457 1719 851 1014 1329 1166 320 6 463 2888 277 428 2182 2009 2176 2943 1922 1282 1894 501 1761 2 456 2146 177 1378 793 2696 2861 1497 1105 1185 744 2860 600 230 863 163 507 2543 1120 560 2699 1751 398 605 61 2787 1675 1331 1430 1045 2797 2631 1130 822 624 1616 2898 2683 23 2422 2853 1079 464 2906 2351 627 1249 2522 1162 1841 2262 867 2136 949 2502 1182 2352 2770 1099 1956 1398 344 743 2109 1071 2874 1636 2050 2047 612 2670 1342 1732 1464 1289 1762 2769 2514 18 622 420 2983 2412 95 2555 166 2204 1725 759 2129 1471 1192 385 1594 604 2750 2664 951 1948 1775 749 988 2552 1364 2250 1835 829 1425 1273 2472 2964 294 2879 1877 1981 1788 2429 901 1401 1498 1549 1585 1231 2944 2654 2276 2997 101 2923 2476 657 1673 702 59 1436 1638 337 471 2799 2660 133 745 1826 198 2372 1126 327 2867 164 1743 2397 2228 2082 1346 1294 688 2589 1602 1253 1556 134 1250 371 2863 785 1611 1756 2400 486 2662 2319 26 2595 780 1224 1830 642 2690 1315 1255 795 1097 893 1703 2103 455 2575 102 1144 1538 1778 1223 2127 333 212 2363 722 195 2695 2806 809 279 1590 424 2895 2952 1714 10 2700 1786 2468 2920 2903 2153 2817 1827 2629 1453 529 2705 880 1104 2184 2114 2377 2322 2765 2041 2235 2541 267 1512 1314 1118 2087 231 986 773 2732 1011 991 1937 2587 233 2140 1763 1374 2550 1750 1672 2253 1666 1506 1722 661 2477 2757 2358 406 2858 1729 2162 2534 861 679 2503 345 535 2251 1122 2081 1212 1954 1813 1710 2912 362 3 2420 458 407 907 677 922 202 244 169 2994 2934 2450 276 1291 2334 1114 2749 1793 1225 2568 1135 1525 1324 572 1414 2901 931 2771 315 1593 1684 1860 1390 971 1945 206 836 2904 1831 2669 269 2203 209 2147 2373 2165 1516 1848 1926 453 2739 525 1050 2411 667 1234 823 2229 1683 1707 2425 363 2122 2020 1196 1893 32 1661 2024 1944 1546 2570 1878 2466 929 1977 899 1837 2414 2260 205 1898 1474 1032 2546 2678 2919 1008 817 89 786 1168 1068 2501 2984 2010 2941 284 429 2886 1939 1463 675 1615 120 2105 380 1200 1998 1440 2773 835 2935 130 450 2093 523 1089 1749 2709 2524 2737 151 2275 1306 972 2301 2868 686 392 2438 1155 970 2593 534 1929 155 147 1455 740 506 528 1307 2851 771 515 1 976 1157 127 430 883 214 735 1896 640 1807 2031 1676 718 2359 1469 1232 937 1293 1438 2828 301 1151 974 578 2172 1601 1422 510 1808 1839 1600 2512 1872 1735 171 1351 1040 1100 1208 1553 503 1535 2415 452 1967 2062 31 1916 2175 404 603 2498 2682 1564 52 2590 1313 368 55 2633 742 1659 1804 427 2567 1164 2101 2155 673 2733 2187 403 739 62 790 2298 117 663 1475 1868 751 648 1230 1299 570 1288 125 341 2856 1889 1206 2896 532 2079 2958 1442 549 1869 1267 1460 2099 2421 2763 2780 524 7 2839 2057 280 1362 511 2684 1989 2134 2917 2345 400 2632 2380 495 2847 924 2775 2294 2097 2324 1260 475 1083 2389 2329 1838 2871 1542 1214 462 1160 2131 1795 16 1680 544 2815 2171 1561 2029 2804 569 1631 1092 599 2520 2596 14 97 2226 2443 2242 2742 982 733 607 2004 2392 332 843 2284 2803 2156 2121 760 2794 1652 319 2435 256 754 156 196 2574 484 957 1552 1404 877 1109 24 551 2045 1194 1123 2509 734 1918 678 1264 2431 1822 1536 1779 1204 2571 1410 639 1098 1648 2013 898 2090 2636 2551 1612 2594 1076 1492 1117 78 1481 2766 1943 925 2816 1723 1798 431 687 1748 2872 1312 897 2713 1765 2424 1402 995 1219 2399 436 1308 738 2325 1433 2308 1140 467 2873 296 2842 1020 2379 1609 585 2488 1478 765 1986 2115 2473 307 2066 1734 322 2271 895 2384 85 865 2033 2619 2899 571 825 774 1321 896 2761 123 586 1188 2820 2293 1277 1499 353 2611 1341 1907 1903 1526 354 352 2166 2978 2836 669 715 545 1121 1772 1596 2312 2409 2760 1899 2133 2048 2646 807 1292 540 1923 2180 2241 2511 2659 801 2423 2419 2458 1686 1058 1296 1482 921 750 963 1269 1055 2075 711 1801 979 2531 2257 983 2987 1408 2891 965 874 656 1912 792 77 777 105 1629 581 2125 1716 593 1220 2825 1598 1668 1655 2612 1852 1025 818 1261 910 1005 2388 638 556 2831 1754 956 2248 1812 1161 2213 1069 964 2139 331 2361 1443 917 135 1320 63 653 12 2951 2986 41 2459 720 379 2846 2111 799 349 1858 411 2116 2299 1737 90 2314 1048 1643 2841 2947 2179 238 1545 188 1096 1790 1459 2992 1946 457 1589 1116 547 1521 390 1376 306 386 1559 252 2528 1309 824 2819 1969 891 2548 1663 513 1332 827 1968 1019 383 2956 2072 2834 2243 955 726 919 1483 2189 1086 210 705 670 259 419 1317 2937 2946 1238 1891 1233 1565 2432 265 1579 1380 1301 418 2279 199 562 178 2554 730 2199 1632 2979 2413 1319 870 308 43 1383 1904 1861 1847 141 539 189 245 2556 2679 876 685 1047 1805 1004 762 5 1373 1505 2902 1318 2877 533 1215 2348 2500 1165 1365 139 372 2838 2142 2892 1262 2218 2814 1876 980 1906 1103 1730 2426 477 538 2931 445 1213 2807 2206 1936 2342 2962 651 2747 2827 263 1694 2483 2961 1272 2805 69 2573 1091 297 179 466 2073 2955 286 2452 485 903 473 449 892 1431 2018 34 1503 2286 160 20 1558 1708 2969 842 1698 2221 2015 2529 1658 1731 2707 2926 1995 527 2000 2840 1102 2479 2181 2908 630 173 1434 2496 1537 628 1322 373 1199 989 27 2907 2658 396 1570 664 2446 1991 998 1695 869 1733 1361 690 943 969 623 2666 1697 1173 1541 1887 794 1195 2398 2304 2485 1018 1244 1178 138 1671 1030 2533 2049 1203 2428 2007 2196 1979 650 860 113 2818 1355 2801 1339 2289 50 887 470 2157 732 567 1391 2849 79 683 2354 261 1688 442 2582 469 697 2118 492 2355 2186 1528 645 885 2264 1641 415 908 2811 728 2967 530 1013 2318 906 621 2974 1980 44 1599 1910 993 2972 2645 1752 443 1721 2261 1610 1112 432 317 2854 2096 1371 1814 2277 2274 1101 1806 2779 2723 610 2606 1001 519 397 2091 2390 2981 1634 2915 1706 2600 873 318 1880 997 2149 1279 2451 2691 1368 1509 1577 2857 2486 2677 2023 791 270 2939 2653 2154 2338 494 2455 758 2092 1159 871 2427 1724 1297 2966 2071 1406 2808 1597 894 2313 2230 633 2280 1494 1470 1053 232 1690 2578 343 2198 2613 2002 2365 1630 914 520 0 1283 902 103 126 1016 783 1622 584 960 1468 1370 1179 2563 1780 1739 2614 671 1621 2605 2673 1919 1932 444 2553 2991 47 2689 2211 1581 1522 211 1996 2067 2758 2844 375 2148 2291 2123 1193 2647 2735 2307 388 1842 1747 756 1360 1268 853 1606 2876 840 1875 2544 2940 2238 746 1343 446 2346 2622 1387 2025 559 1245 1139 2942 832 2040 108 1958 1569 769 2217 1976 1511 1557 389 1781 1741 2205 2717 1971 2441 1647 1276 2430 856 2273 828 2021 587 122 1153 2469 67 2387 1678 2055 2323 2843 936 1865 2900 2151 312 776 92 1587 987 1794 414 351 1715 1584 1500 1330 374 2569 595 591 2353 682 236 1041 536 460 1180 1241 2482 1856 554 1924 2965 1881 2269 1608 1846 366 1134 1514 1429 144 2655 1028 1851 2790 796 2881 1338 70 847 2132 1711 1186 543 2347 487 2601 2403 609 2406 1693 339 1266 1258 768 1148 509 699 2704 1128 1154 1021 2812 1965 2163 1844 1003 1527 666 781 1093 2321 2035 1628 815 106 2813 338 2521 243 855 724 698 866 2237 493 2714 1681 962 1274 959 1917 1472 2080 655 399 1947 1012 1127 2743 2124 2063 953 479 1066 1567 2095 115 1742 1740 2356 2107 646 857 1679 889 240 763 831 1712 426 2711 849 2006 410 461 260 674 1415 985 680 1335 2008 2212 2202 1999 2065 1962 582 1974 110 644 2060 2265 602 143 1349 1085 886 132 2138 1983 216 2539 176 2905 1477 1811 1819 2675 1978 1935 1975 1384 1859 868 1287 1340 2042 395 187 2315 1176 2311 1955 1682 947 268 1407 2484 1221 142 2821 2378 2585 1271 2208 2402 1010 112 1078 2152 1853 2027 1187 1209 186 2475 53 1785 2882 2516 1580 942 94 1450 1304 2120 1850 2719 1657 1399 1323 100 1421 257 72 218 2667 2949 2434 797 2795 2832 1637 2671 1987 2014 1389 1372 2835 555 2916 872 1502 934 878 615 2927 367 606 1054 129 1171 145 806 1142 984 641 2043 2094 1405 150 2701 83 2295 2748 2884 225 184 2883 2416 2656 1110 2948 1132 2996 1252 2938 1270 391 1352 2954 2382 1437 361 2824 2960 2990 775 137 517 1882 2515 681 2932 2061 1982 124 1884 2418 2249 167 153 2538 1832 2618 482 2608 2624 335 1395 239 693 109 713 803 2022 2922 2244 2224 636 253 88 207 2889 119 2349 709 611 2305 920 1701 2848 2789 1614 2110 2692 2069 1205 1356 1718 22 2362 1115 1285 1000 2676 1777 1532 1095 104 575 814 2012 1540 1326 1771 91 2254 2672 2639 2170 596 1172 2988 359 2591 1619 1905 932 274 2829 2993 1787 170 1385 60 472 1689 1496 2077 2368 2686 1574 1397 1197 837 566 311 834 2003 1348 1782 692 858 2287 2774 381 1578 295 1529 2462 784 1972 2688 1873 490 1517 2706 2089 550 1627 1866 2687 1970 2214 33 1864 1862 2875 2178 441 1447 597 2855 2086 1334 382 250 617 1809 2448 2076 2668 292 1486 2374 816 2581 614 1595 1755 29 54 2417 2376 226 2366 2604 2985 660 2887 2128 439 558 2227 2268 1949 729 552 2506 360 2375 1300 309 2781 712 1854 2579 504 2404 2364 1217 305 1444 422 2337 1767 2598 316 2137 2788 111 2510 2977 2461 1461 2005 302 2328 916 694 1925 2309 2489 2880 2494 1023 1484 940 1508 541 1810 1084 433 1046 2474 1198 1915 1607 1057 2433 313 568 770 594 273 2566 1520 215 2641 2929 618 2725 2885 2911 1768 57 161 1635 944 2084 1106 2339 321 8 1278 662 114 968 2729 516 2201 15 2644 1633 1770 2444 1424 1886 200 564 2957 2893 2017 1150 48 1909 2141 766 2465 741 2547 1036 522 1572 1061 2924 1640 172 2370 2698 1900 1966 2642 727 2333 2999 2910 719 2343 848 2768 1284 2542 1776 2615 2442 1792 51 1124 2746 2796 2296 288 1645 2959 1625 185 1843 1523 326 2597 2258 2038 2767 1257 440 2928 2246 246 2464 21 1035 2640 74 2648 2740 948 1448 84 2386 854 2870 1766 2674 2914 1345 1246 1728 973 40 1359 394 58 336 2661 1228 2108 1649 1623 194 2207 2623 1544 1490 833 716 1191 1530 2565 2721 1333 2894 2200 2535 224
