2 6 8 1 0 7 9 4 3 5
0 1 8 10 12 2 5 7 14 6 11 13 4 9 3
1 17 8 18 19 14 3 9 7 6 0 13 16 10 12 5 4 2 11 15
9 17 7 3 23 16 20 6 2 14 4 15 1 13 12 8 10 22 0 5 24 21 11 18 19
19 7 26 16 0 22 15 28 1 5 21 10 12 17 29 25 4 9 18 23 8 6 24 27 14 11 2 20 13 3
27 7 8 22 38 5 32 30 15 4 25 17 39 33 23 18 10 19 35 1 26 20 13 6 37 29 21 31 36 14 0 2 11 9 12 28 24 34 3 16
37 42 5 32 41 19 10 28 21 48 8 25 47 34 14 13 12 23 16 18 44 29 31 9 20 17 26 2 7 4 45 38 36 49 6 3 33 15 1 39 35 0 22 40 27 11 46 43 30 24
29 33 40 8 30 51 1 35 49 27 59 48 31 7 44 4 16 52 13 47 0 50 14 12 34 22 41 53 55 19 15 2 11 25 17 3 18 54 32 39 20 5 10 26 42 24 28 46 56 45 57 38 23 43 36 6 9 58 37 21
40 6 36 33 49 0 43 58 31 24 62 52 69 35 17 41 20 30 8 67 27 59 12 53 66 18 5 32 45 44 63 47 11 46 19 29 38 28 42 16 13 55 23 10 26 68 22 2 9 25 7 15 54 64 48 37 57 3 50 21 56 65 34 1 39 4 60 51 61 14
3 6 11 2 28 32 12 26 47 65 77 46 8 22 45 39 51 60 58 70 49 73 76 66 27 41 59 48 21 10 29 61 79 4 67 62 13 0 68 20 1 34 18 43 75 54 53 31 24 17 57 25 36 78 38 69 42 72 74 15 33 64 63 52 44 5 35 19 23 40 56 16 30 55 50 14 9 71 7 37
37 65 71 14 5 84 56 57 34 86 28 44 75 3 81 83 66 27 74 7 46 49 11 32 18 16 53 25 41 8 58 9 22 50 52 54 72 85 63 0 78 76 10 19 45 4 82 12 48 36 73 42 39 51 70 17 62 20 2 21 88 43 69 87 38 79 30 24 29 77 67 33 31 13 6 60 55 40 68 23 47 59 1 35 26 80 64 15 89 61
21 81 19 70 94 58 52 51 24 11 80 73 79 27 76 39 90 83 56 31 82 18 13 60 84 48 66 67 42 62 16 17 14 78 57 89 64 75 63 72 10 32 22 54 36 33 55 92 9 30 15 87 86 45 25 97 26 12 28 43 40 34 85 41 44 47 61 2 59 65 3 77 46 91 7 95 53 88 20 1 29 5 69 68 6 4 93 50 74 0 35 49 37 99 23 98 71 38 96 8
36 64 130 149 37 148 87 134 92 8 10 39 56 91 34 74 46 62 98 16 119 55 89 107 86 117 47 71 6 136 135 26 99 115 12 70 105 25 72 59 102 18 33 27 35 81 121 30 84 14 80 28 48 68 69 101 1 3 132 129 103 24 139 147 0 127 4 29 51 145 143 146 65 113 73 110 20 137 144 38 23 32 126 123 63 97 133 96 11 112 118 54 141 125 100 21 83 58 79 120 17 75 40 5 53 82 50 76 131 128 122 95 44 41 60 109 31 116 94 66 85 108 106 13 90 67 114 49 142 77 45 78 93 19 52 22 57 104 7 2 111 43 9 138 140 124 15 88 42 61
89 7 39 147 159 116 144 175 17 50 174 100 194 2 11 95 167 130 27 74 43 146 4 82 18 16 172 45 96 77 198 192 67 182 15 106 66 30 160 13 166 93 122 178 143 19 68 114 176 139 14 28 155 20 188 99 145 173 149 199 107 185 142 158 133 57 170 61 184 135 22 157 38 120 177 60 81 108 83 161 129 94 140 51 191 125 141 148 0 164 197 121 73 113 78 23 187 76 52 115 37 196 65 119 136 169 10 88 105 58 98 123 3 54 29 24 154 70 128 80 179 127 117 104 25 97 26 126 180 163 6 48 72 111 62 112 189 69 32 47 118 134 40 195 12 53 34 36 5 84 8 91 64 124 92 137 87 35 131 9 42 162 165 44 90 46 59 102 49 71 138 1 101 103 132 110 109 63 171 31 156 181 153 79 152 151 168 75 85 186 41 56 21 190 150 86 183 55 33 193
42 140 145 122 217 100 103 184 64 199 139 206 160 20 105 130 65 12 4 38 57 172 221 34 153 47 25 106 35 234 208 52 117 27 9 149 80 93 154 77 102 165 51 116 22 143 164 69 224 91 21 187 45 228 189 53 222 32 123 68 191 108 174 87 50 88 3 179 30 195 109 24 124 99 73 135 133 96 233 171 60 40 61 237 182 76 66 125 176 249 136 186 175 178 248 227 79 188 13 210 127 2 11 84 198 141 120 23 238 209 193 152 28 200 7 163 207 197 17 183 243 113 190 134 54 177 173 63 223 92 148 185 214 232 241 242 14 97 226 67 219 128 169 225 1 15 74 55 33 36 205 112 94 37 192 83 144 85 201 166 31 62 98 157 18 239 216 170 245 10 142 196 156 115 138 161 129 246 111 114 150 132 6 8 121 90 158 29 43 86 101 230 244 70 19 81 0 56 159 39 147 71 48 72 49 180 41 202 59 75 229 95 211 104 78 168 89 155 137 26 220 167 110 181 46 236 194 5 126 16 212 146 162 215 131 44 118 119 204 213 247 151 218 58 235 107 82 203 231 240
121 232 39 3 77 240 294 179 148 166 147 192 93 15 210 109 204 46 292 18 104 125 51 173 185 297 118 124 87 189 205 75 117 16 277 105 259 8 98 35 49 295 176 250 74 43 183 86 126 116 260 31 209 112 272 95 225 184 91 224 196 134 289 157 80 228 171 37 130 12 248 9 231 156 5 152 4 160 235 271 17 226 78 268 154 1 174 177 230 144 107 85 267 162 100 284 282 2 11 62 119 241 195 234 89 246 265 27 172 54 175 299 60 53 167 243 274 102 103 270 90 155 170 19 288 275 67 244 239 242 133 220 26 255 57 136 135 206 190 222 290 150 262 281 145 137 72 285 221 165 227 263 214 249 280 237 252 96 10 149 36 298 169 68 114 153 41 286 266 7 45 211 208 0 58 110 34 216 279 159 207 61 261 52 24 251 139 146 122 65 197 25 106 215 187 48 163 278 142 158 164 223 213 140 168 64 191 151 99 291 182 264 200 218 287 219 101 40 59 202 56 201 69 132 194 83 94 254 273 82 203 296 258 6 188 127 115 28 92 229 199 71 47 245 236 33 30 42 269 113 97 66 178 143 79 21 108 76 88 20 293 44 23 38 161 13 111 247 32 55 233 14 257 123 198 81 256 212 238 253 276 131 29 181 138 120 217 50 193 73 63 129 180 84 128 186 141 22 283 70
338 356 61 122 162 127 34 397 212 221 129 100 28 43 281 303 317 27 232 197 12 238 305 168 374 337 339 222 289 361 17 150 237 277 319 81 159 5 4 15 244 304 174 50 345 118 134 245 195 30 180 49 268 239 133 276 87 191 187 274 307 161 64 107 42 31 291 8 146 230 144 391 57 82 38 242 40 380 248 114 46 393 389 71 179 96 353 316 377 260 335 385 279 321 177 346 323 128 109 104 218 206 56 76 253 143 178 287 158 142 249 271 138 93 79 60 156 58 284 300 396 311 108 185 33 55 266 255 388 20 217 83 371 399 92 372 132 154 227 89 10 383 35 208 200 328 85 184 140 359 190 165 282 261 78 145 286 115 295 348 0 367 44 193 123 149 349 135 235 205 45 298 313 247 90 387 204 241 395 333 182 172 225 308 163 315 288 1 275 151 299 169 73 251 223 21 256 325 176 386 65 181 293 9 216 226 131 209 366 228 72 130 14 188 94 240 340 330 369 368 157 336 352 98 258 392 347 54 16 62 285 47 175 312 7 332 229 105 294 310 68 41 186 341 53 110 343 139 280 292 259 124 381 153 167 357 148 207 350 22 32 39 290 141 250 394 101 351 355 121 170 376 231 111 302 59 210 344 36 398 152 77 329 113 173 80 112 2 11 160 116 37 233 213 13 390 102 363 254 203 194 88 314 136 51 269 67 214 273 86 364 373 263 327 382 25 297 224 362 360 183 318 189 18 211 95 252 63 378 48 166 155 283 267 331 243 84 264 66 236 306 257 23 126 120 24 69 219 3 246 215 201 326 147 29 322 365 296 354 278 234 265 119 262 220 342 171 91 199 379 6 125 324 375 202 196 309 99 137 103 370 270 75 117 52 358 192 74 384 198 320 334 26 97 164 19 272 106 70 301
47 274 472 154 304 39 169 140 72 174 390 19 81 156 324 31 445 480 335 49 8 234 160 379 400 66 448 0 326 399 54 425 491 332 198 367 487 247 52 199 270 143 414 192 392 358 410 164 141 317 473 429 40 236 24 275 471 115 380 262 75 129 131 374 421 325 77 3 83 144 90 222 203 345 287 67 386 347 420 356 180 112 109 468 364 233 488 470 151 139 372 440 285 132 111 306 370 407 267 137 99 323 336 348 28 116 193 14 409 136 302 138 346 253 444 73 120 20 433 157 339 25 135 443 194 405 284 484 300 338 442 376 479 456 261 301 118 104 266 11 404 263 373 478 41 290 2 148 434 426 419 170 121 238 202 142 187 273 422 239 245 183 412 93 50 340 30 296 387 403 437 103 254 107 37 250 462 225 449 18 354 184 185 343 331 94 289 86 126 237 61 307 256 391 292 418 178 133 55 349 59 190 63 218 166 4 9 499 176 172 6 56 246 219 92 416 439 105 42 255 13 494 492 46 359 465 310 78 231 397 427 85 365 197 128 295 228 441 334 457 102 32 498 252 123 211 95 344 69 388 313 361 224 489 161 375 276 362 477 196 227 486 152 106 257 395 315 402 241 476 124 428 88 371 249 366 309 286 216 305 232 145 248 350 353 341 36 463 70 155 413 294 158 179 495 432 175 223 204 342 181 53 167 357 430 424 383 417 100 242 171 351 481 60 33 411 119 355 51 329 485 475 282 208 220 64 272 16 62 108 382 113 318 207 76 293 308 455 91 48 79 464 314 459 328 168 490 214 467 162 496 200 229 165 264 209 316 230 377 17 280 453 217 191 408 21 258 460 311 80 352 205 82 1 15 74 423 447 240 45 130 312 396 271 333 436 438 493 23 34 215 482 279 26 320 27 159 22 461 43 65 259 150 251 84 5 298 381 243 35 57 38 212 268 186 44 322 182 110 201 278 235 378 451 260 87 146 177 149 299 226 97 497 195 469 283 244 363 210 450 98 188 483 173 406 125 389 134 466 10 398 337 213 291 281 58 29 401 452 277 71 89 122 393 446 114 368 221 431 360 206 288 327 269 189 12 153 117 303 265 96 435 7 319 369 330 385 147 458 384 127 68 474 297 454 101 321 163 415 394
86 505 293 44 245 10 241 127 77 3 472 149 409 321 224 535 538 342 171 580 178 259 422 599 432 75 513 203 545 495 157 243 94 582 154 474 357 285 392 58 385 110 334 462 96 89 348 290 252 197 568 368 593 534 516 565 482 20 313 584 370 596 42 314 227 176 440 7 496 79 408 21 561 2 40 134 35 62 11 543 355 369 589 579 428 330 363 229 23 393 214 341 88 83 569 188 359 190 257 1 558 361 343 435 318 292 475 57 133 310 339 530 14 518 22 70 99 281 358 421 566 320 6 129 468 583 302 205 592 503 199 262 562 477 5 542 166 429 328 85 108 211 419 125 515 187 296 100 29 105 494 112 526 265 246 537 487 295 555 470 155 128 271 299 175 217 467 192 441 247 332 61 184 225 563 234 311 260 331 60 74 266 307 52 286 173 106 371 417 251 488 436 291 362 336 591 255 372 572 38 45 277 434 53 12 209 275 510 578 598 404 235 280 450 573 195 528 490 461 448 249 161 406 458 424 93 279 177 346 169 471 174 546 140 459 50 270 256 403 122 212 168 443 186 567 132 411 49 376 196 170 13 525 397 28 319 102 145 539 268 347 114 577 484 103 382 118 597 360 200 564 297 59 445 431 104 39 90 68 400 401 98 164 303 480 375 444 521 553 454 544 414 47 233 67 69 216 272 37 26 306 258 232 248 66 519 402 274 549 213 588 430 207 82 215 56 533 239 231 219 287 160 55 412 465 522 548 36 222 18 16 309 204 379 238 556 305 326 32 185 189 420 575 509 504 316 407 469 80 116 388 138 147 540 463 502 322 141 554 27 117 282 506 460 8 349 353 167 337 298 43 76 278 507 455 350 263 377 244 152 438 95 308 146 344 594 19 390 301 389 380 517 478 30 396 312 453 191 464 501 206 123 498 269 449 364 182 131 179 84 81 433 109 237 65 31 399 54 492 151 261 329 240 150 17 288 300 437 121 338 48 381 119 447 304 172 439 97 340 180 351 162 230 144 383 559 163 324 352 581 156 373 325 398 335 143 92 587 46 541 153 456 130 415 73 113 228 136 183 345 253 532 367 536 33 365 366 481 451 405 9 590 586 560 508 283 78 570 452 148 223 527 391 595 416 524 531 165 387 410 317 135 64 139 395 15 0 489 356 201 520 220 378 476 250 511 41 198 276 124 267 529 418 333 284 4 34 181 384 500 218 557 374 120 386 427 202 315 264 426 585 273 446 423 425 87 107 466 547 115 193 483 457 499 137 413 574 323 485 473 354 512 550 254 394 159 242 576 551 101 71 221 442 208 194 236 523 24 51 158 142 289 571 91 497 25 552 493 327 486 210 491 294 479 226 111 63 72 514 126
274 202 685 460 691 269 195 247 697 124 488 20 231 281 432 323 264 162 515 578 150 544 340 586 658 142 695 640 479 471 681 68 114 64 521 39 411 674 173 509 117 47 415 447 699 216 17 694 113 418 137 92 407 338 121 24 593 637 119 82 508 59 587 463 258 198 449 531 433 345 313 398 37 513 688 512 267 487 594 305 99 523 588 163 259 286 152 104 634 686 392 156 485 25 489 505 239 133 453 324 130 566 307 428 306 87 524 30 170 605 406 458 293 23 38 390 650 497 257 386 520 575 643 542 70 294 379 90 219 402 425 540 97 26 83 266 410 304 576 683 61 84 510 232 554 468 642 296 495 480 29 558 94 205 385 532 164 115 663 295 349 276 631 669 250 472 355 606 559 475 362 412 55 127 596 15 672 501 527 261 329 477 80 143 57 278 434 592 328 676 256 227 283 496 367 277 371 314 220 538 4 7 183 212 465 129 147 45 125 206 403 535 49 176 677 417 675 619 404 254 263 268 563 36 33 517 679 553 660 309 221 262 74 0 548 376 374 474 321 54 612 565 255 557 423 597 618 289 187 604 687 645 186 145 633 657 52 546 464 161 424 16 462 614 207 157 330 1 690 167 448 579 226 128 85 422 141 136 327 322 359 2 561 343 668 391 352 654 482 452 77 234 366 394 194 419 438 360 622 199 613 3 562 635 214 348 689 507 246 308 598 288 396 573 6 148 166 500 655 12 189 134 441 534 446 603 467 217 233 197 341 325 300 132 511 66 78 461 331 667 131 644 292 335 405 416 18 529 235 636 549 649 459 110 504 602 481 537 122 32 358 332 9 69 73 555 56 525 572 696 333 454 44 248 494 436 408 126 389 656 545 100 218 91 590 11 102 76 560 632 326 337 120 112 426 567 240 144 280 571 154 484 490 584 651 623 13 574 662 42 171 503 361 682 260 222 317 101 356 625 275 466 282 599 470 159 607 610 46 616 31 315 393 139 151 388 224 450 639 172 320 40 336 107 118 284 241 381 357 659 382 215 230 285 595 346 648 342 182 615 27 698 502 400 201 673 10 334 684 427 522 621 237 50 193 79 516 373 670 351 378 89 190 626 86 383 653 591 401 123 506 478 435 661 339 347 414 469 409 368 671 60 140 184 116 93 457 153 528 413 105 580 21 680 451 301 108 244 22 297 62 252 664 641 291 344 608 28 350 14 81 169 624 253 34 63 180 111 179 213 627 429 181 299 138 71 491 380 273 223 298 536 65 204 611 430 249 568 577 174 609 271 519 72 397 200 693 272 106 530 53 363 581 692 547 629 551 638 238 279 678 375 165 211 210 109 493 245 228 630 318 600 168 146 270 372 492 620 103 569 473 483 395 439 437 158 178 290 539 541 135 617 431 445 369 316 556 96 354 518 353 499 377 582 192 311 8 236 666 95 319 175 209 585 514 564 303 370 583 420 41 442 486 160 476 498 251 35 440 51 287 75 570 155 421 647 399 203 265 310 88 312 552 589 5 302 177 191 19 443 543 225 550 98 364 665 387 243 58 48 229 456 384 444 646 652 365 533 455 149 601 526 208 185 43 628 188 196 67 242
592 638 611 489 548 469 219 681 660 428 471 318 12 197 62 235 392 258 306 16 366 397 56 598 196 257 550 271 668 797 586 184 741 715 48 510 389 502 189 633 789 390 446 785 423 760 310 538 191 441 714 721 709 499 137 596 221 612 696 456 514 472 396 772 304 66 399 492 751 63 371 288 652 365 97 118 497 276 487 547 545 59 702 372 406 565 393 26 672 350 22 333 747 643 280 379 369 3 299 38 96 689 27 51 339 578 708 601 35 331 465 237 798 561 617 1 275 168 585 260 508 513 207 283 453 92 613 703 336 637 623 434 742 782 560 771 509 284 408 468 122 203 757 679 206 23 99 412 93 337 263 109 606 448 694 591 278 28 43 557 69 437 188 111 374 568 649 98 208 415 34 407 270 552 626 145 706 375 409 467 314 73 308 85 691 764 114 247 19 442 202 486 245 44 274 476 597 768 295 788 128 620 14 580 728 164 419 377 133 30 780 251 615 227 661 349 81 495 32 139 737 447 544 50 292 659 724 711 286 160 13 675 555 712 316 430 356 777 718 302 402 11 605 739 474 151 688 186 312 175 501 10 445 131 762 458 367 138 677 362 42 717 515 725 582 243 484 587 527 68 106 404 616 272 506 266 394 558 142 695 421 49 155 530 799 360 210 686 90 279 6 146 244 166 236 627 755 233 667 5 364 641 61 119 795 241 225 579 697 427 2 161 564 84 665 542 158 232 729 72 619 481 281 541 323 36 352 498 37 723 556 180 653 496 264 792 583 657 156 381 165 29 147 621 488 370 296 127 529 317 303 759 294 83 117 226 140 683 436 765 123 673 148 130 647 262 320 265 658 731 100 645 217 211 39 420 113 618 522 531 179 178 152 595 107 572 525 45 567 212 363 439 224 261 335 594 104 707 309 246 444 195 763 730 526 779 71 417 537 704 466 171 566 187 321 338 433 756 646 215 511 438 482 473 169 422 719 674 368 75 629 54 416 562 687 443 722 429 746 344 255 773 216 183 745 115 380 220 213 463 88 53 0 622 405 324 648 634 353 383 735 222 573 478 57 201 87 290 692 786 490 395 157 507 796 176 193 635 173 630 535 761 194 17 361 231 784 518 209 549 716 584 553 516 293 581 791 326 300 242 603 767 414 313 758 159 348 340 330 540 614 664 424 149 449 25 125 770 103 33 790 328 141 684 727 685 132 327 401 64 345 253 199 91 15 268 398 41 250 358 214 533 239 609 307 589 269 693 252 267 491 126 425 182 610 150 143 554 462 590 642 569 431 342 24 95 108 384 749 76 89 410 172 112 750 74 744 656 628 733 285 720 190 101 102 254 120 483 551 388 655 754 297 654 682 460 479 577 752 162 521 769 710 450 256 21 200 391 457 80 341 743 228 129 163 259 432 700 55 47 734 238 305 355 493 781 455 651 640 46 459 289 732 8 588 273 315 454 77 79 124 701 185 543 477 282 475 644 776 249 359 740 504 650 520 20 783 277 325 426 334 40 787 464 636 153 218 18 386 357 563 136 378 604 387 503 86 332 505 570 121 485 523 593 571 480 599 291 134 192 67 669 494 105 699 322 144 575 440 539 748 373 663 775 234 666 382 676 698 230 753 65 519 60 576 678 602 400 774 738 376 670 625 248 351 181 298 600 70 301 778 536 7 705 116 418 167 287 319 82 726 58 223 198 346 177 240 607 385 4 411 500 608 624 343 110 631 31 470 461 403 413 512 435 639 793 451 690 534 311 671 532 794 94 680 9 78 713 174 170 229 559 546 452 517 135 329 204 354 347 736 205 154 528 524 632 52 766 662 574
601 311 431 690 761 118 113 305 22 525 695 271 541 705 403 651 815 787 265 287 242 586 171 519 121 845 882 621 590 509 875 886 303 809 12 517 682 843 831 341 683 368 554 764 819 673 87 110 892 678 818 173 706 437 92 176 704 291 438 120 53 179 442 156 255 774 563 516 231 40 337 319 581 269 157 639 331 60 221 538 531 864 684 641 384 846 75 70 768 727 372 142 445 332 400 97 256 125 47 645 447 284 544 608 103 744 534 366 72 805 611 208 161 264 449 237 252 414 456 817 467 615 276 371 315 91 268 465 778 692 728 785 398 396 190 434 211 196 463 187 515 594 669 676 827 301 710 840 30 820 240 335 747 349 345 358 297 894 192 716 788 522 460 753 323 513 353 42 662 653 236 644 336 346 589 68 129 266 880 127 550 829 58 659 512 865 630 342 856 466 808 180 656 8 383 247 9 233 405 769 800 696 132 111 521 288 317 806 871 616 701 671 801 739 367 532 385 658 230 417 410 504 848 717 462 867 93 122 687 503 296 583 685 887 83 558 85 539 412 655 547 790 226 300 200 450 472 50 793 781 686 427 421 803 313 339 26 810 260 209 699 510 714 43 828 59 847 444 888 729 579 152 884 711 568 606 852 194 836 206 862 876 207 821 399 140 395 792 277 145 102 274 175 401 340 73 823 691 36 74 153 505 833 67 214 273 555 495 105 588 314 771 484 64 499 170 802 359 357 703 873 21 310 752 773 69 219 80 376 139 327 493 709 379 283 13 560 32 453 731 227 350 756 497 742 249 348 681 415 496 182 482 868 27 548 593 428 478 618 222 698 530 799 643 612 779 596 380 672 63 150 393 355 0 354 352 253 591 114 776 595 107 243 440 816 477 34 842 526 52 688 280 394 459 223 455 166 228 838 181 334 855 851 500 664 389 750 420 841 712 441 292 25 797 657 470 263 439 282 299 597 409 749 408 642 116 71 732 293 198 620 183 702 494 647 381 890 259 31 324 850 469 307 863 79 760 232 556 650 169 879 529 370 137 628 424 203 279 225 134 490 782 124 325 567 386 104 330 435 56 106 507 163 549 213 95 11 364 602 872 38 23 184 5 363 390 689 202 238 679 429 378 220 443 158 51 861 668 745 10 807 735 320 566 859 587 677 551 24 546 215 1 143 148 610 783 457 351 578 144 375 164 624 720 217 229 723 20 6 267 889 235 524 7 680 241 195 98 866 261 492 632 896 66 430 830 14 523 789 858 361 347 751 476 623 481 636 167 715 758 488 629 388 860 108 234 475 767 411 649 796 743 392 244 136 528 425 826 239 640 48 725 119 362 707 154 473 844 670 464 189 312 101 626 733 172 39 205 648 451 246 446 837 565 543 19 726 734 191 461 448 832 250 117 199 853 748 552 740 514 487 518 99 784 857 885 881 272 766 722 899 37 898 343 165 387 804 329 54 562 633 365 754 557 15 874 162 151 193 674 570 270 814 356 755 559 90 302 109 433 423 542 897 360 584 895 45 746 713 536 112 149 663 210 186 245 605 794 883 78 780 675 613 574 667 452 391 308 413 569 57 77 3 402 65 777 174 634 89 786 839 553 824 321 598 316 138 278 724 128 86 126 592 604 694 501 498 41 491 721 665 660 147 877 854 697 564 426 28 201 178 736 479 294 791 646 177 666 575 404 326 652 96 135 535 18 286 485 759 576 798 377 772 893 333 224 289 617 527 795 607 61 130 254 94 483 216 834 730 306 741 693 737 775 545 44 870 146 81 84 248 382 258 212 197 416 571 159 508 318 373 160 580 62 812 654 835 188 29 603 520 419 813 328 397 131 822 474 599 622 168 600 298 502 614 422 133 506 849 585 825 763 17 878 471 891 637 609 407 16 627 82 582 436 708 757 718 2 561 869 432 374 489 700 418 454 511 406 285 123 88 631 719 257 295 49 35 281 762 100 770 251 338 661 468 4 262 309 625 304 458 204 46 218 635 738 577 369 322 275 155 185 290 619 344 486 765 572 540 480 115 638 33 811 55 533 573 537 76 141
243 762 342 129 347 142 855 867 553 167 803 408 598 870 86 126 358 51 522 461 684 463 35 179 731 40 244 863 951 89 810 587 338 34 575 943 696 127 713 953 899 698 120 134 199 97 512 266 975 368 685 308 703 345 264 965 568 115 380 328 387 864 233 388 794 821 495 369 853 728 682 186 959 195 241 729 958 52 842 660 290 68 415 491 510 839 597 434 206 935 927 456 652 805 467 751 69 936 431 833 76 475 825 656 242 783 577 414 26 663 818 447 622 946 747 479 201 841 421 249 637 523 993 534 118 411 293 155 688 738 23 269 704 517 828 245 10 617 104 877 988 878 933 58 928 620 655 844 800 711 540 669 786 459 231 584 570 785 268 968 283 200 651 541 184 354 589 905 47 914 318 275 862 788 235 683 926 892 430 671 750 25 289 761 285 872 63 77 352 856 885 972 693 907 374 973 189 924 87 153 631 227 406 422 119 197 627 937 945 754 365 481 460 719 246 439 957 356 721 508 601 370 270 99 137 326 632 57 78 789 323 836 891 94 437 716 588 678 857 996 211 95 107 64 915 702 59 403 923 773 835 480 445 567 6 995 116 454 986 744 741 705 893 806 611 784 61 400 778 48 566 66 755 820 573 635 140 304 840 845 681 19 81 666 218 767 79 413 572 280 224 444 53 737 701 228 67 954 205 985 596 476 497 483 373 263 438 920 895 552 42 214 614 519 217 636 911 792 393 73 432 385 804 782 592 103 123 72 851 718 271 756 816 524 736 807 28 337 580 453 300 768 234 881 515 166 643 302 922 571 798 92 586 506 989 984 630 312 513 743 931 144 982 710 450 709 333 771 871 336 503 940 306 33 536 5 324 602 532 873 662 138 976 488 317 210 172 543 623 998 65 320 50 397 412 796 775 273 882 565 187 925 942 766 970 96 435 507 157 557 38 207 889 649 949 548 735 581 628 260 977 971 386 929 287 574 509 714 648 793 446 156 196 121 54 29 112 516 36 963 254 847 344 569 396 100 717 511 969 379 665 458 222 939 650 779 427 916 418 90 267 582 325 644 399 618 831 470 888 850 790 343 748 360 402 815 294 384 274 612 760 890 148 759 407 647 912 499 404 680 292 209 823 316 230 544 162 967 827 668 236 22 335 830 130 615 136 465 753 605 542 979 595 21 128 41 501 391 695 932 641 817 109 910 160 610 679 16 62 56 441 732 606 405 71 468 111 707 576 98 832 539 176 852 876 633 659 440 161 564 185 624 608 723 675 525 265 319 477 340 330 117 712 188 722 37 838 947 978 950 258 934 992 546 353 423 24 216 962 321 896 464 769 955 204 346 746 514 776 478 715 848 1 658 730 170 545 469 443 229 45 331 674 367 594 866 964 181 329 604 310 578 901 350 257 395 46 874 83 180 811 708 781 442 451 749 18 854 774 547 82 555 371 88 812 599 297 398 482 279 607 152 14 410 284 941 834 375 409 193 251 490 334 311 315 363 3 220 355 295 281 661 489 948 424 178 640 691 80 226 213 457 677 562 361 583 102 638 802 556 529 829 537 487 141 733 190 634 366 797 299 9 692 869 720 106 248 906 173 865 471 625 706 348 765 177 133 239 420 887 980 74 15 164 590 131 192 791 256 314 139 151 146 726 114 868 725 183 429 75 168 585 846 673 734 697 757 124 108 961 561 277 772 44 485 904 419 272 795 654 169 101 455 983 0 621 341 824 822 182 879 158 448 84 560 259 32 60 417 740 202 372 758 113 252 558 579 389 125 110 974 383 859 930 149 520 208 91 908 493 938 657 966 452 629 826 486 527 449 225 436 883 203 238 163 690 843 357 897 39 880 473 31 742 171 645 694 860 253 474 332 466 952 518 377 551 549 122 298 30 626 237 919 191 894 433 11 240 498 752 135 917 739 745 426 484 494 70 301 212 276 609 990 378 215 303 4 262 496 667 472 416 17 150 394 165 956 425 20 13 960 600 221 642 687 261 247 801 700 232 145 502 875 390 646 175 401 981 351 492 223 288 533 154 147 849 813 898 49 159 307 505 291 85 132 994 619 462 286 809 921 639 593 255 194 362 616 381 689 535 944 55 105 143 770 376 198 93 563 777 2 902 526 531 322 309 686 909 528 987 559 349 504 282 359 296 780 538 918 814 837 12 763 699 664 428 764 884 787 250 278 554 27 305 7 819 676 886 219 991 500 8 808 339 903 861 724 672 670 174 997 900 327 521 313 591 653 999 550 603 913 530 43 382 613 799 727 364 392 858
843 1078 1132 870 97 88 942 7 1433 715 102 1253 148 147 1003 1376 1404 1368 1459 333 666 1422 1031 988 1358 995 881 1101 1467 890 341 814 291 1005 642 491 469 854 1346 379 1027 565 1321 1496 1056 720 654 1343 1371 137 774 473 1384 1084 5 924 931 1098 293 323 185 343 879 1369 1475 821 1075 550 127 1309 1060 1108 303 85 366 1451 1406 571 1112 1032 470 153 822 1025 76 1039 176 525 1440 1469 316 136 1047 1188 348 189 121 1231 12 690 177 970 1432 1057 1177 861 331 260 1010 417 551 228 1325 474 563 340 182 345 308 1228 812 138 560 1491 926 1313 1254 645 614 1113 662 1278 266 886 493 1314 352 598 1489 1030 699 509 429 1062 997 1437 694 1068 1168 579 1133 302 603 1296 1058 398 756 424 87 1418 721 1128 8 760 725 1332 438 1048 143 658 785 286 170 68 267 902 1443 917 788 251 1091 1425 518 707 89 511 1362 532 468 641 452 1322 1455 1046 191 941 611 1226 1498 1155 220 552 365 53 1034 351 1028 184 643 1094 1054 636 1365 1237 1227 107 779 1196 817 1137 1316 982 1176 555 963 750 610 463 787 907 1109 458 1173 949 369 524 329 1445 578 1337 387 1398 1245 183 728 1277 522 1389 207 691 344 77 1357 457 961 1045 477 419 631 616 605 679 142 737 1152 448 0 1283 1208 677 887 1395 335 171 1172 45 810 966 354 353 803 828 268 1014 820 342 637 24 241 195 615 845 1018 1244 832 415 1412 362 889 134 738 1163 258 639 837 1456 1303 625 350 732 421 1185 194 983 41 1486 322 405 223 158 275 484 799 383 400 1174 716 188 1382 482 1007 118 764 574 15 1458 1107 1315 378 745 10 330 711 1276 846 95 47 722 512 197 1261 1305 602 1444 561 1042 1424 140 139 1135 548 562 1017 629 488 499 521 506 536 33 123 498 1105 957 1000 14 230 1275 1446 1270 11 1351 1306 1144 1009 1377 537 1287 1340 1352 391 965 908 79 160 505 695 1216 964 173 1230 119 977 991 899 70 396 573 841 215 1381 553 375 480 656 67 1024 412 1049 406 1334 592 950 305 307 166 99 1408 1080 259 1059 347 264 993 164 114 231 697 1454 594 1405 13 1374 1234 823 1373 174 564 271 389 595 915 857 686 684 1153 976 568 840 273 1344 1387 1484 1093 777 1236 169 705 670 18 199 621 981 1339 1413 364 301 319 1249 1114 1257 440 1429 622 216 755 956 200 1494 665 593 198 1417 1472 1087 833 743 433 727 1426 1126 1280 954 612 928 279 61 784 826 20 1442 1263 905 1319 224 1022 1251 1247 385 1331 1449 274 1470 872 172 410 1102 1378 1473 533 1215 442 883 608 719 483 554 430 403 556 549 193 1158 361 844 245 882 935 225 588 444 1291 276 269 842 310 478 752 836 813 640 875 515 830 409 431 946 1178 461 1021 582 1359 60 994 871 1222 816 943 1379 968 1148 312 809 451 1239 297 624 1265 1361 249 1338 381 1238 702 59 190 253 285 1043 495 726 1421 701 1150 619 544 1023 542 930 540 1035 69 219 683 272 667 996 120 456 1147 459 485 96 84 519 1067 1127 17 248 284 1052 689 1210 1011 650 38 236 1428 43 962 1 1392 985 680 34 653 798 117 27 1255 1020 1288 436 933 311 1162 1256 179 744 1136 1304 999 111 909 1407 1488 1184 492 1414 4 1051 1190 975 1297 939 1072 1145 232 62 52 626 835 1386 1435 918 222 32 358 411 859 290 262 402 445 466 633 659 42 397 1289 1004 1076 580 566 1006 1026 824 772 377 441 81 1140 1341 1161 54 700 638 627 292 783 1125 252 572 657 762 834 1397 1197 1019 1463 380 65 1180 1241 479 1154 1260 878 782 321 839 315 655 1372 959 443 1221 538 1402 1146 713 1480 775 754 1326 382 359 1415 674 620 1477 1317 1124 472 767 1224 780 105 1207 1269 1423 455 1307 1299 74 1187 527 669 623 513 791 1495 945 1447 6 320 735 1096 306 129 940 781 681 1320 1240 948 530 585 717 1083 570 234 1008 446 1310 1354 1448 1474 1380 1301 418 969 529 1345 1194 545 317 687 280 795 862 516 1393 73 1082 1353 1312 897 678 50 1453 1129 1064 1063 1400 1302 1396 1203 313 952 685 921 1016 464 206 465 349 295 213 796 892 180 802 771 407 736 126 404 162 929 1029 951 141 794 507 910 856 761 1430 339 471 1195 122 520 600 1001 1438 281 25 1199 22 1272 1166 1090 661 46 613 987 923 1209 186 868 729 1294 801 78 113 569 708 146 1479 759 1364 1466 501 1271 1248 395 1065 426 1465 1182 504 672 427 922 497 984 1053 673 9 1089 71 242 546 1264 790 1493 766 998 906 967 746 1243 587 1262 576 289 1286 1079 1499 304 1169 718 1427 187 815 888 1213 865 898 731 1175 609 971 1403 243 1284 159 805 920 980 723 270 214 698 866 360 63 372 1436 1211 257 1390 1117 724 618 900 896 932 1460 132 1266 1481 635 1115 1285 425 1095 938 1100 218 1259 357 1250 1410 26 1189 581 1388 108 768 904 229 1327 151 500 221 547 1116 541 877 792 109 58 240 154 1036 327 124 1476 106 202 1318 1355 135 475 733 607 40 973 1490 847 543 535 36 730 526 57 255 534 1468 1370 133 318 1099 753 1232 490 663 439 808 370 314 386 1015 1450 1242 1367 1134 831 867 599 277 481 209 1461 1342 1170 211 254 23 1464 947 278 646 1200 1069 93 103 502 298 1419 1218 628 454 885 1487 203 1033 1192 893 819 880 1431 517 1258 676 776 960 1492 1225 130 531 212 1130 1159 3 1375 287 1220 990 559 1274 128 1055 56 901 1074 1478 765 1186 1071 460 1349 489 1350 800 75 1497 1138 163 675 115 496 712 205 39 1290 1165 1111 648 751 913 763 1073 503 1329 1038 1104 1179 1013 914 332 21 758 567 157 1457 1416 514 596 384 1121 884 895 30 368 651 1081 161 238 326 1191 1198 706 437 334 693 1050 86 247 376 1040 589 346 204 1267 145 1002 300 1252 1204 773 869 1181 1441 394 83 104 575 634 789 408 851 101 944 256 668 583 739 1214 181 793 911 972 1131 1328 192 363 1151 367 617 309 233 978 37 1202 1411 208 48 1041 1420 210 1086 539 974 769 1363 116 1193 1452 1273 428 1171 336 606 1356 850 324 374 1235 1246 770 811 355 682 508 807 825 1300 734 449 523 577 903 1482 757 1298 413 749 649 1347 829 955 601 98 168 953 401 671 916 1462 853 1401 528 838 747 986 704 874 710 786 92 1037 992 1434 178 979 778 201 356 558 152 49 462 100 797 741 112 1141 1206 852 584 1142 35 1061 1122 16 432 299 282 1308 1183 1120 1103 494 1336 1217 226 239 422 1092 131 703 827 1118 1293 82 848 294 235 19 1044 1323 1139 453 1391 714 28 632 237 423 664 1348 51 1399 858 1335 1157 876 1295 29 110 1223 393 1097 80 217 175 1360 373 586 1205 325 1167 435 390 296 1485 894 165 591 1439 630 420 958 72 1066 1229 388 927 1119 265 288 392 1330 244 863 1106 1292 1311 486 597 450 434 510 590 487 447 328 414 1110 1268 1279 818 989 66 1077 806 1212 1085 371 1385 2 261 647 250 1409 1156 937 1201 338 476 1143 283 696 44 1123 1366 912 1149 742 849 709 337 891 1324 467 125 263 94 604 246 1088 227 748 873 1333 660 150 144 1012 1281 1233 934 1483 919 91 1164 688 855 167 399 652 860 740 64 1219 936 55 1160 644 90 925 1383 1070 155 1394 196 156 416 31 692 804 149 864 557 1471 1282
556 1475 1955 358 434 1682 1004 1287 1452 461 1371 462 147 1357 1904 1241 714 584 1007 562 1708 1361 1318 820 1554 1116 411 1010 1222 569 530 1735 1389 1190 1609 1147 799 476 1039 481 235 984 142 702 1705 894 639 1503 1575 56 297 25 1178 120 698 519 1800 1084 1844 1631 628 1460 1907 814 673 486 1987 790 1391 1793 1867 241 1195 157 1981 877 1903 1813 1453 1529 915 57 78 1508 440 1526 700 802 768 1258 762 999 653 572 313 621 1697 348 14 1450 36 86 1026 437 1045 1847 1715 1645 390 1033 139 295 881 895 642 1753 94 1852 1100 208 256 518 947 1012 128 1555 398 1521 1988 833 151 1412 397 863 1951 325 1240 1530 1464 1623 106 1379 665 1540 557 1442 1164 189 1355 1707 818 1732 1848 1414 1080 1534 996 1114 92 399 1905 1964 471 1014 97 1215 1223 173 953 1023 826 1814 542 545 238 1201 576 51 1358 918 1873 230 967 1160 1604 997 920 1438 828 926 1187 1607 1973 1372 367 652 1060 605 538 310 424 707 1302 1754 1672 1074 1168 1311 32 1983 1538 1722 747 552 1991 874 1194 1756 1325 54 1029 58 1335 1051 830 1885 1363 315 187 1394 933 1748 705 1585 321 1377 660 734 1689 1196 824 1088 1285 1267 356 1630 1565 300 201 1423 719 416 1254 1801 1307 528 614 247 1319 1403 801 1825 137 1477 430 1896 1247 1349 1507 1685 887 1599 1425 1242 972 1217 175 606 479 880 806 129 502 769 1071 1695 1405 457 1191 783 846 732 618 892 1456 451 1712 1525 1090 1838 442 516 1807 333 1930 1828 1146 177 1980 659 834 107 941 1860 677 268 1968 657 180 1294 1252 853 1344 847 869 1369 1952 453 1694 916 1569 957 221 1462 1189 1200 683 1544 773 1005 1536 841 602 1528 1251 1908 1017 1778 735 536 849 317 1418 1884 1651 1664 22 696 522 864 890 1161 1431 1601 1819 27 1439 28 407 1943 1532 1716 1592 88 593 1233 819 1657 1913 971 904 831 1956 1687 540 1333 1693 1108 1961 1617 1921 340 1128 1041 681 1019 1481 1739 1022 1803 73 1315 242 396 1228 113 1455 426 1139 1579 452 1745 458 594 369 1388 1058 1002 1701 35 385 76 184 225 1855 118 534 902 1925 835 699 588 191 1343 1692 654 273 1856 1430 1006 686 324 1946 403 871 1917 1611 1637 1282 1392 1236 944 1244 1795 570 272 1121 154 116 1216 352 466 264 1573 1589 71 1451 7 39 577 1231 1743 563 1639 672 506 1889 625 638 45 737 1524 344 1942 1 328 21 439 1309 1293 813 401 18 1702 1994 1570 1564 1410 338 559 349 1892 1711 1608 767 132 119 353 1683 1429 392 1963 1920 1127 495 194 1723 1747 1652 1300 1826 1690 793 1290 852 1413 1059 436 1883 1591 1633 730 1785 1794 224 287 1752 1784 1351 474 1025 1353 1328 1545 1008 1831 893 1586 1658 1104 777 334 1816 759 1786 1627 770 1141 342 1120 1134 1836 723 1209 1419 1568 85 148 291 1399 676 406 294 251 1378 159 1654 444 870 1727 1817 190 1559 222 1960 1539 1073 626 322 1970 1777 1125 804 1427 816 647 1255 726 905 423 1736 170 1034 980 210 1797 299 1696 945 1546 1053 288 854 1212 1577 258 524 1811 1316 656 931 1962 554 1426 1954 1207 1470 1999 1519 49 3 48 292 277 561 961 362 1511 521 1155 688 1265 1959 1408 987 185 1843 331 1861 1969 379 1016 1812 1219 899 1912 1893 754 949 1295 529 1150 394 942 792 1054 1446 1927 913 415 985 149 1332 212 161 1094 856 16 418 675 484 1000 1914 1746 771 1393 1965 80 903 721 1635 1077 83 1180 227 1386 684 604 1220 1613 337 1916 679 1774 764 1495 798 1642 800 164 1105 674 645 1306 1030 1416 1760 1099 995 330 1663 1581 1085 0 1906 1562 1640 365 1184 354 323 787 134 389 1272 1421 517 780 567 105 1829 1338 1493 906 919 1594 591 666 1186 575 1587 122 1874 555 166 1172 566 1366 158 1305 623 1632 1899 1341 1926 228 537 948 879 93 156 196 937 1417 1253 152 1373 1274 384 772 867 1221 8 1433 1062 1643 279 758 1339 163 1863 470 613 456 1042 1866 1557 1767 1218 1497 1083 335 1624 482 1028 309 192 475 842 1298 1122 1621 1839 1445 1162 1301 1224 420 1622 1595 1869 1810 1699 1751 1159 546 1636 865 1310 748 936 860 713 1953 276 449 1665 254 756 1135 832 40 433 1509 499 24 1193 409 1092 1154 1653 133 827 77 1352 270 775 59 74 1176 989 1506 1527 1949 193 765 1289 898 1471 1842 1505 493 229 311 821 911 954 233 1269 1348 850 857 1001 976 1066 1478 393 585 255 1238 970 1380 124 539 266 779 220 1089 123 624 1404 1364 38 1615 347 1203 1038 64 1107 1758 372 1202 101 717 729 1808 375 117 553 858 900 327 743 597 736 33 548 1036 1407 843 1365 1614 1947 512 267 188 1461 909 408 598 1031 144 1504 497 343 1578 633 1297 1179 388 89 739 745 1765 1560 601 1755 1888 935 1129 811 1646 668 1109 1741 1522 1113 1385 1935 1588 1398 1513 269 427 1724 1895 1043 1472 1616 1714 1479 580 978 314 473 965 523 1709 1880 774 1547 1449 1249 1763 1734 508 1011 252 1067 1291 1093 494 514 1047 1593 760 873 914 318 1368 206 1169 651 990 1667 386 141 425 336 840 550 1480 1055 368 1013 655 844 1887 1865 1674 564 1243 1329 181 1286 988 549 223 803 1213 1671 1618 1510 1111 1909 1684 283 1966 1065 320 1270 791 1862 1938 1400 1277 998 504 509 1824 355 1583 1619 1082 959 186 1669 219 1458 992 1932 1518 1796 1572 1972 781 1704 103 1902 733 1181 1548 179 1731 232 234 19 70 1138 387 1841 795 1958 609 612 1780 438 263 1144 715 1248 520 1543 1152 607 278 891 836 1015 489 1976 1323 109 346 596 1940 195 1466 952 581 1068 366 207 1188 1420 979 1650 1118 636 29 796 789 1142 253 1081 740 1788 110 1312 630 1710 982 1288 1691 378 1463 44 218 100 1467 1198 280 421 1145 1641 543 467 825 308 1132 994 1415 377 1516 883 491 1948 359 1110 571 515 711 648 140 1798 326 632 1779 1922 257 837 1612 155 1673 950 202 53 496 589 1204 897 1934 1262 160 1057 1239 1744 1830 1342 417 249 727 1644 90 1079 135 917 1283 527 579 1234 67 1469 1337 1177 239 1945 752 498 1787 23 1156 644 583 500 1655 912 1835 68 1792 939 102 1590 171 716 41 1235 1720 178 763 785 1629 1211 544 98 1106 1750 1489 661 1009 1261 786 459 1064 176 199 1679 658 108 532 204 927 1035 1600 127 855 477 79 958 197 10 1245 111 63 872 1061 703 1345 1781 1989 1941 1140 689 1982 1494 974 568 374 360 1171 490 339 488 616 1656 1833 443 1993 1823 1520 329 1096 1052 1485 1872 637 839 1457 1929 465 1859 1482 1444 541 1933 1314 183 446 1149 42 1324 1790 692 1063 1897 794 414 882 1126 1409 1167 1406 565 1882 1660 1192 72 1454 271 1390 1700 1868 720 1436 1584 738 350 1772 956 611 1397 483 615 130 928 1551 663 634 172 1210 1556 468 963 940 1928 1484 432 447 1890 1845 1131 1095 1027 741 671 47 1809 1278 259 778 265 1596 46 859 709 246 1499 511 1541 822 1441 304 670 114 376 1226 922 1271 718 1598 1901 1327 1818 695 450 1321 962 750 1603 1227 260 1273 1703 261 1170 603 404 805 136 428 1020 1853 1225 1024 1762 1468 697 1984 1535 91 1771 463 1558 1995 1802 383 1923 1199 866 203 722 753 1854 1304 307 505 560 1197 701 1737 1447 503 410 667 706 1428 929 1924 1678 20 788 1257 395 1046 363 1396 1230 478 547 153 1260 1185 1992 531 9 960 1486 492 351 981 293 1097 305 1670 951 12 169 82 87 1740 1974 664 412 1775 43 381 1821 1850 1133 1250 1370 1597 1387 678 1918 11 1602 15 1018 485 1076 1205 1978 1783 1986 1686 868 946 829 782 1498 226 1717 1567 1891 1263 1876 1858 200 1820 551 1276 284 405 1512 1367 4 1537 121 1354 862 126 1313 680 973 1473 1448 84 5 1864 1977 52 991 1381 1334 1490 1237 1919 1997 608 1998 373 1742 1075 993 422 1119 757 319 285 1174 710 751 744 1822 1280 1232 1362 1256 1574 104 1502 1266 975 1501 1661 281 923 574 364 875 1840 1331 1580 1517 1157 526 248 1582 629 1214 361 1698 724 510 694 262 165 1725 1459 908 1628 1296 1137 1326 1875 1768 30 380 115 1851 1424 1422 1098 1130 631 1799 501 1610 1523 1259 1971 977 448 240 886 332 1153 1087 1911 1789 1078 1483 1957 445 690 1680 932 286 809 650 1728 1292 391 845 1376 1432 1879 1070 848 1649 1757 1124 341 662 742 61 1317 345 1264 431 2 1279 1401 382 1549 66 96 1638 1102 237 1492 766 533 1634 964 143 578 810 1151 635 1563 1605 1049 910 60 1123 1103 885 968 649 1576 930 838 112 1275 1726 1718 1402 815 1491 592 1782 1246 1136 1675 487 1561 966 182 480 1996 1284 464 907 250 55 205 807 31 1877 525 1165 808 50 168 599 619 617 1915 1706 1322 888 1681 213 13 1975 146 275 1668 1091 1208 725 776 1514 1857 1336 812 746 1806 125 1688 901 969 214 708 1937 460 1487 582 1815 370 1894 1500 1048 1659 1944 231 1542 889 1003 640 244 1040 1571 306 99 1759 1148 573 1719 1175 646 587 1531 823 209 131 1086 1143 876 924 1553 274 62 1465 851 1886 620 245 1163 1182 1729 1340 211 95 1936 1474 1805 943 65 704 1281 1356 1229 749 535 289 400 1566 1990 507 435 590 1979 1112 1881 1072 1382 1749 282 1910 784 469 217 1620 600 731 921 1878 1360 1032 216 983 1849 81 1721 1730 1384 622 150 1533 761 878 1037 1044 1346 17 1676 1738 643 302 861 896 419 145 1411 1939 167 1443 290 682 1733 1898 1158 1713 1488 1606 641 627 884 1330 1827 1648 1173 558 687 1900 296 1383 1761 1770 1069 693 402 1347 454 1434 1206 610 1662 1350 595 26 669 1299 37 6 1320 1050 925 1183 429 1931 691 312 472 817 1834 1677 174 1837 371 1626 298 586 712 986 1666 236 1625 728 1395 243 1791 1846 955 1769 685 1308 1950 1117 303 1832 1967 938 1552 316 1021 755 513 797 1440 1870 441 1268 215 1303 357 1776 1056 69 1764 1985 1166 934 1550 1804 1115 1515 1374 1375 198 1496 75 301 1773 1476 1435 138 1766 413 1647 1101 455 34 1359 1871 162 1437
1343 331 1788 209 1423 1184 1168 1263 603 70 1657 747 28 838 23 238 1134 667 225 760 2471 270 105 2117 81 1629 141 1308 1034 1877 1009 2336 2306 181 788 298 211 702 76 419 2373 2009 1918 573 1279 951 2246 1119 265 1046 215 136 1718 1419 900 2392 1780 762 1945 195 1995 413 1693 2494 1560 683 2229 1509 2430 2002 2466 1764 1208 1271 1332 1836 1821 1699 1492 1282 402 1936 2276 2273 2156 1475 2439 1711 686 2381 2376 1816 297 2065 1262 1124 2205 328 1225 2039 2325 243 2162 167 1957 1418 1301 347 616 807 1792 1480 455 480 2363 2029 693 2059 508 1128 1037 241 695 1080 908 2141 636 236 1277 1007 715 891 771 1872 2019 199 2464 1738 4 681 2442 1016 2222 1320 1978 1754 657 794 801 1380 1210 1205 2274 1967 2452 2305 1361 1811 252 1285 1712 2260 2225 1118 1161 1020 117 2298 2122 271 1125 482 2382 2175 291 2413 2476 1498 1155 220 26 1543 2479 468 2228 684 2176 669 2352 833 2200 68 1561 499 2320 874 714 1223 1682 898 1356 1548 1582 1793 637 289 1501 2477 2493 1767 2404 1268 1008 886 147 1930 2104 543 2349 876 103 2003 834 1193 952 685 520 1047 728 1857 1378 1777 364 528 2255 22 873 1900 923 1412 1913 569 1445 87 371 2455 97 726 423 899 970 1410 2427 607 1692 178 724 2215 119 2068 37 1362 1462 575 697 919 2088 434 2309 99 2483 1051 429 1678 744 1103 626 1776 773 1885 1485 51 2338 445 531 785 1858 1614 1533 385 2070 1766 2491 1481 266 1148 212 629 605 2206 2236 544 1856 303 448 687 912 1366 1202 1026 372 63 653 1266 339 836 929 1029 1577 1280 1159 2371 2390 469 1182 2406 1195 1583 250 963 1142 1640 778 1639 2082 168 1633 1870 615 1506 56 739 2150 1478 283 1781 1505 405 281 2127 1562 1521 338 1981 1715 148 2497 1774 1376 950 1297 741 378 1838 1383 1043 1411 277 865 1623 1329 1018 1178 1325 1251 368 2238 1369 879 1254 694 2024 1077 2416 2084 129 643 1602 122 2393 837 546 1464 1685 1625 80 2234 416 31 2062 1571 208 2220 305 269 1871 2096 472 649 804 1768 557 864 1200 1880 1497 382 170 1787 2293 1878 1102 797 1438 267 1109 926 2113 987 1496 821 1287 766 2251 1944 1546 1348 0 948 757 708 344 377 609 1637 2063 2089 2330 2310 495 589 947 1299 432 1970 486 2356 2010 745 608 628 721 1531 1636 2223 1422 2030 1782 1742 1574 809 1306 106 491 1594 1796 868 1487 2075 867 2366 823 462 1714 1681 1477 2317 1888 1005 1281 1772 2168 902 398 2125 1883 342 1690 1732 540 1010 1934 825 1322 679 2438 1704 2308 1512 1388 2218 2182 318 273 137 1236 884 2358 738 2172 189 944 2101 1145 1847 1188 796 390 971 1921 1609 1675 1331 430 1990 230 1824 1807 1004 2449 1988 1617 1229 501 1068 1842 1033 706 631 1694 2123 1117 1724 1049 622 1665 1651 1741 959 1971 2017 878 852 527 2485 1686 1658 179 1039 2169 263 114 2496 597 1809 779 696 2213 1267 954 596 2296 915 1785 24 316 991 783 2016 949 2116 911 896 2446 1377 978 2098 502 872 1355 941 191 1217 1549 803 1731 2407 2191 1530 1529 2199 2244 216 2492 2032 1862 1067 1955 1270 2378 2302 1568 1517 1490 1062 16 1122 1518 42 591 574 624 1819 875 2270 2424 1526 1335 1851 790 1593 284 2275 2417 128 426 1050 171 742 433 158 142 1510 489 1850 1405 791 927 1216 817 73 1233 1773 391 1852 293 2343 1659 1040 1232 1607 2437 960 1371 314 537 1071 2109 716 688 2080 2085 1116 885 333 509 1382 606 2355 39 1989 668 436 2411 286 2461 507 648 1751 365 1187 431 1968 1600 2297 450 2354 1086 481 451 176 903 218 524 2326 1928 510 562 2049 1106 200 1064 767 556 202 187 194 2103 1021 1730 2027 1728 1584 1937 1425 1626 746 2140 906 2258 2266 280 563 755 1956 145 1105 1035 751 1737 1655 935 968 1 1174 327 996 1298 242 1960 71 1196 1143 476 1157 882 498 1226 914 1351 1012 2137 1219 2242 296 1257 2440 595 851 1795 1896 1059 259 1305 2335 2073 1982 1873 5 84 2114 1705 1673 1044 337 1740 207 2196 1719 1576 2053 1180 2022 1554 65 880 2052 384 415 1442 2094 43 14 654 1779 1303 1456 690 2403 1286 2441 1552 1065 1828 863 1558 2100 847 1211 2423 1185 2347 1453 727 1274 2208 48 1691 1166 92 1940 1902 262 633 1905 1265 1848 1720 2429 1535 560 120 1375 1036 547 2061 1932 460 861 1495 1327 763 1702 1696 1520 2190 1802 1096 494 934 1401 2043 1430 2045 1370 1156 1447 1256 458 658 94 2233 183 329 1140 710 1493 1437 946 452 2120 217 515 1977 593 362 2090 1999 565 1733 2362 198 984 1139 2323 592 2087 1461 1288 525 82 2057 1032 587 2179 177 1646 1390 374 2396 2426 976 754 152 711 1570 2348 2448 678 62 2130 2055 1420 2272 2221 1579 1854 1030 581 781 139 2450 618 2368 600 853 221 2142 133 239 2026 1532 1976 829 1131 883 1098 2457 2415 1860 2033 1919 862 1805 719 1415 674 2459 2028 2187 764 74 840 163 1839 2128 397 361 642 1508 1547 1912 151 2147 2333 2124 1891 1204 1213 888 2342 2436 424 1054 730 17 1752 782 1055 2011 1923 1293 2146 1435 553 1448 2253 981 1321 1599 812 1459 1259 1011 1038 268 1587 3 438 1841 1823 2299 54 1573 2458 1907 2086 334 1172 57 1491 352 2377 916 892 576 798 2482 2405 2184 1861 326 967 1365 712 121 1670 2451 1396 2164 1634 1367 1013 323 756 2324 932 2460 2025 332 1247 1224 2247 655 1929 662 1278 2102 2227 1088 2281 604 1094 143 632 1528 2145 1302 1078 478 2226 231 2456 588 759 6 1028 2186 464 2428 579 895 144 1708 1652 561 1734 2316 701 1786 2048 559 990 850 1189 1457 567 1127 522 317 2421 369 650 1619 599 20 1799 2374 107 733 1206 2198 1104 1250 1749 366 1688 1882 635 1942 485 824 1488 2372 1349 295 634 736 541 2115 1243 75 2321 887 2239 826 1114 2249 854 348 161 564 1289 580 1073 2287 2105 1207 748 435 1500 29 1345 1790 1323 388 665 387 1428 2264 2207 995 165 1394 2192 793 272 1946 1893 2095 860 46 1076 1748 1276 1315 64 1951 2099 660 818 2163 260 800 734 1803 1716 2091 1097 1915 359 672 725 1869 2489 67 2020 1700 1272 2031 645 232 2327 2083 1555 780 913 1683 2015 577 1706 1920 319 251 2230 292 1572 1638 102 1903 806 2231 1998 1474 353 750 1048 1950 1443 2350 2037 514 446 1342 753 1973 1606 1721 943 381 1557 1151 1632 124 1300 1703 1406 2071 1551 2435 2203 2329 1523 2148 1979 1867 1499 186 1628 1292 27 2006 1058 1991 188 775 2346 1746 1228 1183 1079 307 66 1402 175 1717 2058 677 1887 1616 768 112 1755 993 1237 439 1611 2279 921 1238 1879 1994 2047 34 777 2388 447 1829 1538 1175 490 1890 2259 1001 100 294 379 517 1804 154 1534 40 2121 1391 1421 2214 206 692 1783 2034 1074 1834 1092 1132 928 1969 1833 1344 533 973 830 2243 1556 2144 2314 2217 1057 2170 845 2000 182 425 1311 180 1853 389 134 815 651 400 2151 2475 1661 245 10 1045 1961 392 233 467 1666 166 555 1198 306 1429 1580 156 1081 957 518 324 2252 146 1806 620 1403 752 335 159 1622 2291 1524 1357 2360 986 1135 1392 449 828 164 1483 983 1066 2232 193 116 41 1986 261 363 90 644 2079 1917 988 811 568 2380 1387 2351 101 1389 2240 2337 594 442 2188 1404 2288 2248 437 621 162 1815 795 78 1954 1674 1927 1112 2339 192 1328 813 367 1347 1479 953 1164 1601 403 1239 108 299 2499 2294 1843 160 1980 246 313 1024 1482 1886 1669 1541 534 2447 258 2173 519 1160 1417 1426 1835 2391 1446 463 2283 1372 2051 2004 1723 570 1926 1697 2118 288 1192 1450 247 1947 1983 1123 732 1385 1770 2387 1750 411 859 718 2472 1791 477 1743 664 1963 2069 2081 930 383 1019 844 1507 958 920 2480 1149 940 2318 113 1023 428 204 346 1586 937 1889 123 2384 586 2132 25 2468 340 2307 1771 922 1909 287 2181 315 2093 85 1246 2425 2155 53 1598 2285 2143 249 1085 1231 1585 1090 661 1722 222 1901 2301 1925 1590 487 320 1544 325 1316 1158 1120 894 443 2046 1654 1440 1641 1621 2486 1745 2484 776 226 717 1820 1840 1458 2107 375 1800 2044 691 350 203 2035 1424 2444 2131 789 255 1099 1757 2183 1221 235 1304 1830 2129 1368 86 210 1610 1597 417 1154 772 819 820 2195 1000 12 1353 49 302 1061 479 1042 2153 827 2409 2353 1778 2478 1171 1953 1393 1698 1379 2367 1244 1553 1252 1310 2154 1260 1822 1025 2481 831 2036 2359 1384 705 1525 58 2278 707 118 104 253 1319 582 1130 1985 1006 9 2375 1269 974 1169 1729 881 492 1589 2097 2300 278 1939 1027 924 1413 1813 453 1087 393 1618 172 410 1987 1234 646 722 1668 554 1041 422 312 1709 1855 35 2152 1467 408 38 504 264 98 2432 248 856 1910 1744 7 1441 1959 373 2332 282 799 938 2454 539 641 1484 1578 647 1794 1502 1240 407 1958 939 1072 44 627 279 849 1581 1707 1966 1676 1199 2204 1220 2066 2110 223 612 663 617 1650 769 1569 964 2067 1895 1472 2286 640 841 214 1911 613 2495 360 2418 1735 526 2201 1727 60 1407 1631 1592 1460 2012 465 1948 2 2261 1136 1336 2443 2119 1201 548 2076 532 409 1575 979 386 933 2257 1227 737 2160 79 1931 1671 918 1620 1337 1454 2487 1635 304 2303 2284 2386 132 611 414 1433 998 966 1364 1170 2245 2134 169 614 311 2185 1612 474 2174 473 598 805 11 700 1695 1113 523 965 2254 1093 2216 1191 406 173 670 720 848 2210 675 237 1993 1938 901 1844 2106 1503 1101 2189 2340 542 1346 2256 822 1455 441 2463 457 1400 1313 2161 2365 1563 1894 1984 535 1504 2369 2108 2040 2474 110 1827 530 2202 1818 1444 95 869 1514 1831 1624 770 1476 1974 551 500 1762 140 234 2008 493 1317 1063 842 1409 1089 1522 2488 743 1242 1753 2056 1451 1897 2331 1100 1121 2445 1197 1397 890 1935 88 50 1190 475 832 343 1798 931 2194 1817 276 1660 1395 536 816 1222 1644 1338 1031 1559 1084 855 1022 1434 1108 1713 2397 566 2054 1647 2165 1812 2265 257 980 376 703 2050 571 2282 471 2408 1258 2262 1613 1295 1340 889 2224 1537 1863 69 680 396 1687 196 421 516 1680 399 1648 1952 1017 975 1432 1354 310 197 1761 558 1296 1129 131 227 1898 505 2038 552 610 1373 2395 2389 1564 2433 2166 989 466 1679 2263 1486 1565 2328 897 792 1235 1763 1126 910 109 2295 2370 1341 2235 2385 1318 18 254 418 2159 2041 2078 1825 496 1615 1864 2383 1784 1291 111 999 521 2313 157 2007 1070 1684 444 584 470 2498 550 2018 1264 2364 322 893 1736 1399 1797 994 1186 787 905 2021 224 21 1181 1473 274 61 1284 962 503 1941 1314 623 761 1832 77 1701 1111 2212 205 1539 2250 1141 2292 83 2394 1427 1949 1333 583 619 1677 1837 190 52 1416 997 2379 19 2361 1904 125 321 749 1215 33 1513 1386 1596 652 153 2357 1759 93 351 1275 484 55 2465 354 229 545 666 1363 2135 2271 2470 150 1360 459 1645 1248 1975 1083 942 401 671 601 301 1307 1845 300 904 2268 682 814 1075 1294 285 1765 602 2136 1146 945 1814 1550 578 135 917 2420 1056 1471 1162 1760 1324 1964 1789 1339 2453 380 115 130 1312 1212 1176 846 1095 1906 1996 1290 357 699 2280 184 1775 488 513 992 2473 871 1494 1165 275 1194 45 774 1489 1150 2219 2158 2267 2193 395 2315 1152 483 2001 96 91 497 1997 290 127 356 201 1725 1241 1656 977 529 2434 1408 1465 1914 1527 1173 1230 1747 1153 1962 2139 1595 47 72 1414 13 2126 1245 689 1107 511 1381 2490 15 2344 1255 2469 713 59 1865 961 723 1667 355 1643 1849 2177 2398 1916 1436 2211 1801 1358 185 8 1179 909 2319 955 1536 765 1452 2060 1144 698 1653 1060 1992 1884 2138 506 30 1519 877 1133 2399 1002 370 36 2072 2431 1167 213 857 1309 590 843 330 1352 1209 2401 2180 802 2422 1545 1082 2023 1431 1203 2209 32 358 1350 1876 256 1398 1542 427 982 1439 1758 1808 1630 673 630 1588 786 219 1069 676 972 1138 1663 2171 1881 1014 336 394 1859 228 1566 2197 1091 538 349 709 1605 1846 1003 2077 309 1511 835 740 936 585 549 1137 1710 1516 1469 2111 1540 2269 1330 345 2005 126 1922 925 2092 2289 2237 2064 1672 866 858 1147 1739 2334 758 2149 1053 1908 1875 1449 1283 1326 89 1642 1726 808 870 1468 731 1567 412 985 2277 2402 1603 1769 1972 1756 2133 1015 2167 1933 1249 639 572 2312 969 1649 1899 1608 149 2414 2074 1052 1689 839 155 1892 2013 2241 625 2467 404 1943 1515 1218 2311 440 2157 2112 2400 1470 1177 174 1359 1374 659 704 2014 2322 1253 1466 1463 735 138 244 240 2304 1662 1874 2341 1334 2462 2412 1214 907 638 2178 2419 956 2345 810 308 1604 729 1868 461 512 1810 1163 341 420 1273 454 2290 456 1261 2410 1866 1965 656 1115 2042 1924 1664 1591 1627 1826 1110 784
314 954 1951 235 2315 1176 2311 1334 2086 1443 2361 331 1944 1546 1893 1196 382 250 617 2664 1979 1418 2159 2322 1025 1691 2557 38 1130 822 645 2020 1797 2682 2498 2480 2562 146 665 684 2240 702 1673 1205 2069 2025 615 2927 2035 1078 1739 1780 378 277 428 2327 251 2730 2564 1289 1464 2735 2647 2528 252 1559 2190 1302 1400 106 380 2857 790 1463 2728 85 2187 1607 1627 2717 1971 2583 1890 2650 2171 2618 1022 63 1320 135 917 1969 891 2548 1663 1138 348 220 1155 1498 1549 1585 2608 2624 335 859 372 2380 2632 2160 762 5 1920 73 539 1435 2514 2217 971 1080 785 2863 421 974 2587 233 544 361 642 1830 1470 1053 232 1145 450 1829 1316 276 2450 2934 2994 755 2598 2977 2261 1610 2326 2980 713 1321 774 825 265 1579 1380 1430 1331 166 1223 2127 1332 1923 1516 1848 2460 1968 1019 1924 2198 2613 337 1677 208 2720 578 1744 513 995 1219 2399 436 1308 738 1700 1061 1999 967 2933 2475 53 155 1929 534 2041 2578 673 2019 804 2220 2772 926 1940 1825 44 2325 1939 2886 429 889 240 377 1519 190 2657 416 1290 39 1653 2782 2070 1775 749 2118 2244 2529 1626 2391 1955 1570 396 2329 2389 698 866 2237 1234 667 2411 1050 525 2739 453 1926 344 929 2466 1878 1449 1063 2572 1566 339 836 1835 2250 2798 497 2518 1911 1965 2812 1021 1679 1310 1158 2887 694 916 2519 663 117 1349 143 2876 1504 2802 1397 1167 196 2615 1776 2542 1284 2465 766 329 2840 34 718 403 739 868 1287 20 1558 1849 1295 831 1447 441 1281 2712 732 2484 1407 268 947 1682 1059 1584 1715 351 414 1794 1075 1386 1803 448 1757 271 776 312 452 2958 301 830 799 2111 1669 213 2429 901 1401 1906 682 2353 591 2054 1395 1949 729 1283 0 520 185 1260 2324 1456 225 184 2883 2621 474 1325 757 1618 737 882 168 2125 1716 593 1220 2825 1598 1668 900 457 1946 2396 559 1772 1596 2312 2161 2124 2016 2383 182 2330 2271 895 725 1908 356 2337 2300 148 507 1509 1901 953 664 688 580 1454 2001 918 2634 1367 1943 2328 2705 529 2392 332 843 1743 2563 708 2058 1275 1576 548 508 1713 2188 376 2061 1982 2743 1597 1046 1875 2617 1110 2018 432 2949 413 2699 560 1737 90 2314 349 1394 1120 966 810 13 327 996 2754 915 483 1526 354 352 2166 386 2241 2180 2062 2974 2740 2648 74 177 2146 456 2 1761 1836 723 2255 1650 242 793 1378 2975 2990 1606 707 2143 324 2689 2725 618 104 2954 2382 1437 2759 1741 1453 2694 2471 2573 2982 2778 1510 2976 907 677 887 2770 1309 824 2819 1483 919 726 955 2243 2834 2072 2956 383 1819 2675 1921 1753 2113 2658 1201 1786 2700 10 1714 518 2559 2173 1658 326 1523 1843 897 2713 1172 596 594 273 2868 2726 189 2737 151 1494 2280 2098 1002 81 2295 2748 2884 2308 1433 910 121 1141 1129 1336 264 904 2105 640 334 1147 1769 710 1140 1956 1398 1641 2652 375 2844 2096 1371 2716 65 1477 1861 1360 2184 532 2385 2643 2963 2393 2483 1694 263 68 610 2723 2779 1806 1101 1471 1192 1387 2095 2591 1619 237 229 641 2967 530 933 2214 1421 978 1081 1696 1064 2629 1383 2346 359 1402 2424 590 981 1591 1164 442 392 2438 770 70 847 2522 1162 1841 2262 867 2136 1730 956 2248 2527 2953 1902 2103 1467 588 727 2642 1966 1900 2698 2370 172 1361 690 1977 2948 841 1265 2259 2407 676 2738 2576 1200 1998 266 261 1688 1985 2630 2924 2829 2993 656 874 2859 2764 1303 949 2511 374 2569 595 1846 366 1134 1121 545 715 2941 2614 393 2064 1821 569 1631 1092 599 2443 2242 1972 2092 1574 2853 1996 2307 283 1259 2273 1925 1522 1697 1057 2119 819 2233 1149 736 1198 768 1763 300 2506 99 759 279 491 952 2185 659 811 355 1143 19 2491 1216 1262 54 2417 1719 2457 1042 549 475 136 1451 1146 1458 2873 467 543 1186 1711 2132 1119 2892 2142 1311 1489 2447 1226 2710 157 567 1391 643 852 499 1895 43 69 219 1992 1363 3 362 631 2267 64 1115 635 2034 808 171 2590 52 357 2507 434 683 2354 1687 1588 1355 2801 1339 2289 2258 2597 399 1947 2283 1210 1984 2436 623 969 2864 875 864 1670 2592 2609 2288 950 2768 2099 2172 2756 226 2804 2029 574 764 2196 1625 761 2517 2651 2223 2915 2178 2875 1736 2287 858 2386 854 1288 570 1299 1919 1932 2284 2866 912 1118 1314 2156 2121 2797 2631 1154 397 519 316 287 752 2335 1485 1165 2500 2348 1215 533 2877 1490 833 716 779 1111 2744 767 1088 2627 2800 2164 1963 2318 883 322 1734 1812 1161 2213 1069 964 2139 2043 930 1860 1684 2718 1639 140 1015 1152 2044 2236 613 1964 1897 1605 1207 1094 1491 1511 1976 305 1039 2765 675 1616 1136 108 873 1959 2540 1783 154 71 2946 2937 1317 181 1524 637 1493 505 9 1006 2701 83 2053 1738 1879 28 1685 1441 1033 704 946 469 2582 2047 95 846 2009 2182 1357 733 607 112 526 951 1231 303 2201 15 2644 1633 1770 2494 1644 2459 41 2986 685 62 1872 2209 1931 1171 284 1411 2568 1103 2709 1749 1866 2687 1970 1263 1729 2858 406 128 2663 2331 1646 1023 2440 423 1710 2912 1648 2013 898 2090 2636 2551 2832 1637 2671 1987 2014 1390 724 192 1131 1261 818 809 1438 2347 150 2879 1459 1790 1096 188 1545 440 2928 2246 246 2464 1327 1228 2661 336 1011 1824 850 2703 1366 1202 1182 2633 720 379 2846 794 1195 2249 1573 1082 169 1614 2110 1788 1981 1446 1305 87 163 863 1497 573 2690 2715 98 754 256 2435 343 1689 1496 86 1862 51 1358 2231 2278 2165 2373 2147 209 2203 269 2669 1792 1859 2144 2453 1568 1388 1608 2998 2100 2388 1005 1887 479 2714 493 210 2277 2274 2973 608 1185 1105 1642 1894 501 2862 1113 795 1513 984 1250 134 1556 1253 1856 554 2168 1909 48 2116 411 1858 2805 742 1659 1190 1837 2414 2260 8 2221 2015 2067 2758 1695 998 1487 2421 2649 2809 2158 731 465 1417 2192 2256 575 186 746 2238 2334 1114 2749 1793 1225 1934 743 2508 2792 566 837 1197 2828 1074 1784 1434 1678 2055 2323 2843 936 1326 1540 2992 1282 1922 2943 2073 466 179 2265 2408 1580 942 94 1450 1304 2120 2310 2410 364 2845 2777 922 302 1864 2434 686 2191 1090 1808 1839 2163 2939 2653 1148 509 699 2704 781 1093 515 1791 241 195 2695 2589 1602 2022 2922 691 1044 820 319 1652 2794 1389 1372 2835 1904 2988 430 127 1157 1126 1166 320 6 2228 2397 2451 2321 1017 1726 11 2580 649 158 1026 2885 2911 1083 2942 1745 2502 2795 797 2906 1771 1953 1393 2771 315 1593 2926 2707 2665 1699 2186 670 259 419 2148 2291 2123 1193 512 629 131 703 408 21 1035 2640 2366 1424 247 2332 2302 75 2742 798 1254 1379 2444 2791 1442 1052 1179 1013 1655 2612 2907 230 1055 2806 211 652 2596 14 97 646 79 2849 1353 400 666 1718 636 260 674 1415 985 2205 270 1301 2176 669 2836 2978 861 679 2503 1941 1077 1029 1375 1654 2546 2678 1097 893 2692 886 132 2138 463 787 323 1337 821 1795 107 927 1851 1028 2655 144 2477 1681 890 842 1475 2677 2403 1406 214 341 125 2755 2122 2306 654 1343 2149 997 1880 318 2458 2405 2177 293 222 26 2319 1997 1553 1993 2478 1778 839 1501 59 1436 1270 391 1352 2645 881 2229 823 1500 1330 2419 2970 2837 2294 2097 2470 2930 848 2343 719 2910 2999 2333 2362 22 775 137 517 2891 1408 385 1258 2135 1756 909 1189 2786 976 2558 2442 55 486 2400 651 2747 2827 2077 435 1967 1799 149 2985 1520 2808 33 1980 2780 2662 1256 633 579 1414 2468 141 1847 288 1469 2359 1460 1267 1869 92 1587 987 1692 1863 2115 1986 765 1478 496 1615 2428 1203 865 2033 2619 2028 187 395 800 1845 2376 2117 832 2040 2474 2880 1474 1898 205 2031 1807 504 1994 2114 2251 1122 2081 1212 1153 122 587 2021 828 619 2344 2497 783 1016 126 592 1095 1532 437 248 803 298 502 1072 2878 1989 2577 1583 1554 700 468 2309 961 658 1913 1709 1274 962 1826 1286 471 1293 1582 1001 2023 791 894 2313 1514 1429 1938 1362 1657 2719 1850 2339 321 365 2638 975 1468 1370 696 239 2367 2693 2042 1340 730 2554 178 562 199 2279 418 1222 1144 1538 1091 297 506 528 1307 2091 2338 494 2455 2415 175 217 1236 2169 46 2140 523 1168 1245 906 913 1183 2254 2037 620 1403 1874 1662 2531 2257 2672 2364 1218 2106 597 2340 1550 1748 2872 1312 2154 116 2129 2066 1374 2550 1750 1672 2253 1666 1506 2955 1010 2402 2208 999 1870 644 110 1974 582 1752 443 1721 1106 2084 944 1635 161 2515 681 2932 218 2667 2818 2570 1041 236 856 2430 1276 1578 295 1529 2639 2810 745 133 2660 2799 2722 816 2581 614 1595 1755 29 2901 931 2202 2212 160 58 394 1359 40 973 1728 1995 527 2000 1708 2969 2409 2760 1899 1542 1214 1990 1344 197 1066 1567 552 902 2046 982 2940 2357 905 2089 1517 454 1347 1905 482 625 417 1030 1512 2746 1124 1257 2767 2038 384 2422 911 1789 254 152 1479 2011 2462 2605 2496 2593 1828 2486 1960 1009 1377 206 536 2197 488 1988 1617 1426 2108 1649 1623 306 1376 1834 2076 2448 1809 1132 553 2724 2219 2425 2490 576 2298 989 27 1439 1958 2861 56 291 2847 495 1732 1342 1461 2005 1773 2968 109 693 45 2622 2316 979 1801 711 2075 524 1844 1577 2656 932 2960 2824 1384 1975 1935 1978 692 1782 1348 1707 1683 2200 885 2264 308 870 849 2711 426 1712 2833 2151 2900 1865 1818 2830 1796 1237 2727 1892 1563 2635 624 223 1221 1557 255 565 412 1855 2423 801 2659 489 1350 750 963 1269 2566 2533 2049 1581 2341 138 1178 1244 1018 2485 2304 892 449 473 903 485 2452 286 88 207 1915 142 2821 2378 2585 1690 76 993 2972 2586 514 2532 2785 2921 2008 1135 1525 1324 572 2984 2010 2820 1188 1068 2501 763 735 2030 262 1914 2702 1725 2204 1927 1174 626 1735 581 1629 105 777 77 792 1169 346 204 66 977 747 2039 876 2679 1423 1647 2914 2130 2063 2495 2398 1521 547 1116 2412 2983 1266 2080 2401 2239 2193 538 477 2426 1109 877 1404 1552 957 484 2574 1242 272 2668 292 1486 1065 1620 200 564 2957 2893 2017 1150 1933 1060 2513 840 2626 388 1369 1589 2352 1217 1079 1249 627 960 540 1292 807 2646 2048 2133 50 2390 1660 2449 249 1840 358 2607 325 481 294 2157 114 968 2729 516 1208 289 1481 2766 2199 1492 829 1425 1273 2418 972 1306 2275 994 721 2350 2549 409 805 2247 162 871 2427 1007 191 941 2269 1328 2543 1814 1813 814 72 257 2796 2296 510 1472 1291 697 2817 1827 1624 2487 2369 2523 1087 1232 937 2685 2007 2206 2807 1213 888 1012 2733 2822 1805 1047 1056 1382 402 2620 2126 589 1452 1917 959 307 2473 2174 2195 1945 1076 2594 1612 129 1054 606 1177 180 1280 216 2539 274 35 601 2301 1706 2600 2512 1600 2297 25 1229 2493 1928 2890 1251 2194 2688 1882 1272 2961 2476 657 2078 2751 603 404 925 2816 1723 1798 431 687 2252 2852 1973 1777 2088 2416 1868 2454 2599 500 2051 342 2479 1102 1912 2870 1766 2674 1224 943 1045 1184 2757 120 2537 2320 1703 2962 862 1586 1507 706 2560 369 2381 1544 2623 2207 2068 2216 2492 36 2263 1787 170 2964 2179 2947 2841 2224 1445 2908 630 173 1230 1954 1611 2919 1008 1416 2538 948 398 605 61 2787 1675 2181 2894 1333 583 2789 2848 1701 2351 101 2060 1318 2902 782 221 285 253 2530 1240 1674 2944 2654 1385 2616 2854 317 1621 1564 1112 2838 542 91 460 1180 1241 2535 224 1420 17 1480 1742 115 695 2839 2905 176 585 2488 2561 2604 1268 2610 784 753 2222 789 634 80 1 2813 2793 2404 2929 2641 215 1555 2520 1800 2445 2467 118 771 2377 2461 2371 1815 340 401 1515 2374 367 2355 492 1089 381 2057 672 30 2521 405 1405 2094 2856 2896 1206 1889 1609 2379 2553 444 705 511 1628 815 1003 174 2736 1643 1048 93 1759 988 1392 1640 563 1547 1852 1051 2293 1277 1499 353 2611 1341 1907 1903 813 203 231 350 546 2036 49 2505 193 1067 1127 1751 1365 139 1151 425 701 1857 2673 541 445 2931 1936 2342 2141 1665 389 2904 1831 1599 1910 1156 2150 1209 2218 2814 1876 980 37 2588 2536 2567 427 1804 60 472 1832 1448 84 2865 1427 1323 1399 1338 2881 796 1484 940 2996 2898 2683 23 584 1622 1159 1693 227 845 2909 1170 278 602 1431 1727 347 880 1104 2769 1762 2372 360 2375 1300 309 1702 2189 1086 245 2556 2706 924 2775 2002 2226 1518 42 1073 1717 1211 2032 1533 844 1833 2112 1991 2446 2282 586 123 2761 896 2432 1565 1233 1891 1238 2684 1720 561 1508 2696 817 89 1535 647 2811 908 1634 2981 1676 1811 2093 198 2345 2917 2134 130 2935 835 2773 1440 1560 2815 1590 102 2575 455 2006 410 461 1098 639 1410 2571 1204 1779 1536 1822 2431 1264 1252 1961 96 1638 812 330 2504 447 1983 531 2823 788 2525 826 2363 722 2790 2211 1125 82 1548 1950 103 1070 498 201 424 2895 2952 371 2965 1881 2012 2463 680 1335 2826 537 2752 2439 1758 1885 1802 1191 1530 2565 2721 1495 1746 1373 2245 1247 1243 1562 769 1569 2433 313 568 2162 2534 1031 838 1948 2469 67 2387 1886 1296 1058 1686 2368 275 1528 345 310 1199 1541 1173 2874 1636 2050 2681 476 1413 1705 420 1539 2472 2102 756 2365 1768 57 521 2285 1319 2413 2979 1632 1419 238 24 551 2045 1194 1123 2509 734 1918 678 1099 2995 2183 1285 1000 1085 2601 2272 668 2083 2555 1503 2286 2734 1108 480 992 728 661 202 244 1364 2552 2437 884 164 2867 1032 470 311 390 296 2842 1020 1133 2545 2676 2762 2997 2276 1100 1040 1351 786 780 2595 853 31 899 550 1476 2266 328 1704 159 714 1838 2871 2360 459 2971 2925 1024 2602 451 7 2803 1004 2888 2175 363 446 965 156 1368 2691 1037 1175 990 2059 2074 557 2317 2788 2137 2004 2637 1651 935 778 1527 1937 991 1356 1137 1049 577 2732 258 2510 111 1428 338 1601 1422 2210 2056 1952 304 2052 1575 2945 1488 1942 928 1246 1345 2959 1645 802 1680 2227 558 439 2336 2989 1765 2860 744 1603 2003 834 1107 1664 689 1667 855 243 628 1322 373 660 2524 1774 1698 333 212 267 2541 2235 1084 1810 2384 1888 1412 869 1733 2606 2101 2155 671 47 2991 1957 281 1128 1594 604 2750 290 1760 1930 2104 2584 773 2232 2869 879 2071 1722 1462 2897 2234 1034 1767 609 2406 490 1873 2526 2686 433 2167 487 32 1661 2024 194 983 2987 2065 1962 2153 2903 2920 1279 1534 2950 1551 2131 1160 1313 368 2603 2441 2938 1271 2107 2356 1740 2085 228 986 1630 914 611 709 1671 1381 1820 717 1235 1455 147 415 2753 2230 422 1466 2697 2292 2776 2299 1396 1187 2027 1853 2152 1877 2544 1842 1747 1561 1724 1297 2966 2170 2079 2731 16 1062 612 2670 1444 2268 1071 2109 1457 1239 945 622 1354 1883 1817 100 600 2489 1592 632 2215 2918 1432 2579 1854 712 2781 2481 2290 2270 827 653 12 2951 2889 119 2349 1142 2708 1867 1871 598 958 1572 522 1036 2547 741 1278 662 1754 2831 556 638 407 458 2420 1896 920 2305 2666 234 167 153 857 1823 535 2763 503 2628 2745 183 1656 1781 1571 2225 970 2899 571 1038 2784 1764 478 923 2923 938 1613 4 2936 2026 939 2303 1505 464 772 2741 2128 1163 1409 280 1531 1043 1027 2680 2625 1731 1482 921 2516 2882 1785 2855 1139 650 860 113 78 851 1014 1329 1181 1465 1473 1543 760 2783 621 2082 1346 1294 1816 616 18 2358 1298 2281 1604 2482 2145 748 1227 387 165 2394 2499 1255 1315 740 555 2916 872 1502 934 878 806 145 648 751 1537 370 2913 2850 2774 462 758 1884 124 2395 655 1117 2851 2087 1248 282 299 438 2456 1916
